  x  	  n(x)  	  dndx(x)  	  Alfa  	  Band gap  	  EQ Field

         0	7.631e+16	0	6.03e+06	2.76	-1.26e+05
     1e-08	8.138e+16	4.916e+23	6.038e+06	2.759	-1.26e+05
     2e-08	8.614e+16	4.612e+23	6.046e+06	2.757	-1.26e+05
     3e-08	9.061e+16	4.326e+23	6.053e+06	2.756	-1.26e+05
     4e-08	9.479e+16	4.056e+23	6.061e+06	2.755	-1.26e+05
     5e-08	9.872e+16	3.801e+23	6.069e+06	2.754	-1.26e+05
     6e-08	1.024e+17	3.561e+23	6.076e+06	2.752	-1.26e+05
     7e-08	1.058e+17	3.335e+23	6.084e+06	2.751	-1.26e+05
     8e-08	1.091e+17	3.122e+23	6.092e+06	2.75	-1.26e+05
     9e-08	1.121e+17	2.921e+23	6.099e+06	2.749	-1.26e+05
     1e-07	1.149e+17	2.732e+23	6.107e+06	2.747	-1.26e+05
   1.1e-07	1.175e+17	2.553e+23	6.115e+06	2.746	-1.26e+05
   1.2e-07	1.2e+17	2.385e+23	6.122e+06	2.745	-1.26e+05
   1.3e-07	1.223e+17	2.227e+23	6.13e+06	2.744	-1.26e+05
   1.4e-07	1.245e+17	2.078e+23	6.138e+06	2.742	-1.26e+05
   1.5e-07	1.265e+17	1.937e+23	6.145e+06	2.741	-1.26e+05
   1.6e-07	1.283e+17	1.805e+23	6.153e+06	2.74	-1.26e+05
   1.7e-07	1.301e+17	1.68e+23	6.161e+06	2.739	-1.26e+05
   1.8e-07	1.317e+17	1.563e+23	6.169e+06	2.737	-1.26e+05
   1.9e-07	1.332e+17	1.452e+23	6.177e+06	2.736	-1.26e+05
     2e-07	1.346e+17	1.348e+23	6.184e+06	2.735	-1.26e+05
   2.1e-07	1.359e+17	1.25e+23	6.192e+06	2.734	-1.26e+05
   2.2e-07	1.371e+17	1.158e+23	6.2e+06	2.732	-1.26e+05
   2.3e-07	1.382e+17	1.071e+23	6.208e+06	2.731	-1.26e+05
   2.4e-07	1.392e+17	9.895e+22	6.216e+06	2.73	-1.26e+05
   2.5e-07	1.402e+17	9.126e+22	6.223e+06	2.728	-1.26e+05
   2.6e-07	1.411e+17	8.403e+22	6.231e+06	2.727	-1.26e+05
   2.7e-07	1.419e+17	7.723e+22	6.239e+06	2.726	-1.26e+05
   2.8e-07	1.426e+17	7.083e+22	6.247e+06	2.725	-1.26e+05
   2.9e-07	1.433e+17	6.481e+22	6.255e+06	2.723	-1.26e+05
     3e-07	1.439e+17	5.914e+22	6.263e+06	2.722	-1.26e+05
   3.1e-07	1.445e+17	5.382e+22	6.271e+06	2.721	-1.26e+05
   3.2e-07	1.45e+17	4.881e+22	6.279e+06	2.72	-1.26e+05
   3.3e-07	1.455e+17	4.41e+22	6.286e+06	2.718	-1.26e+05
   3.4e-07	1.459e+17	3.968e+22	6.294e+06	2.717	-1.26e+05
   3.5e-07	1.462e+17	3.552e+22	6.302e+06	2.716	-1.26e+05
   3.6e-07	1.466e+17	3.161e+22	6.31e+06	2.715	-1.26e+05
   3.7e-07	1.469e+17	2.793e+22	6.318e+06	2.713	-1.26e+05
   3.8e-07	1.471e+17	2.448e+22	6.326e+06	2.712	-1.26e+05
   3.9e-07	1.474e+17	2.124e+22	6.334e+06	2.711	-1.26e+05
     4e-07	1.476e+17	1.819e+22	6.342e+06	2.71	-1.26e+05
   4.1e-07	1.477e+17	1.533e+22	6.35e+06	2.708	-1.26e+05
   4.2e-07	1.479e+17	1.265e+22	6.358e+06	2.707	-1.26e+05
   4.3e-07	1.48e+17	1.012e+22	6.366e+06	2.706	-1.26e+05
   4.4e-07	1.481e+17	7.756e+21	6.374e+06	2.705	-1.26e+05
   4.5e-07	1.481e+17	5.534e+21	6.382e+06	2.703	-1.26e+05
   4.6e-07	1.482e+17	3.449e+21	6.39e+06	2.702	-1.26e+05
   4.7e-07	1.482e+17	1.493e+21	6.398e+06	2.701	-1.26e+05
   4.8e-07	1.482e+17	-3.42e+20	6.406e+06	2.7	-1.26e+05
   4.9e-07	1.482e+17	-2.063e+21	6.414e+06	2.698	-1.26e+05
     5e-07	1.482e+17	-3.677e+21	6.423e+06	2.697	-1.26e+05
   5.1e-07	1.481e+17	-5.19e+21	6.431e+06	2.696	-1.26e+05
   5.2e-07	1.481e+17	-6.607e+21	6.439e+06	2.694	-1.26e+05
   5.3e-07	1.48e+17	-7.936e+21	6.447e+06	2.693	-1.26e+05
   5.4e-07	1.479e+17	-9.181e+21	6.455e+06	2.692	-1.26e+05
   5.5e-07	1.478e+17	-1.035e+22	6.463e+06	2.691	-1.26e+05
   5.6e-07	1.477e+17	-1.144e+22	6.471e+06	2.689	-1.26e+05
   5.7e-07	1.476e+17	-1.246e+22	6.479e+06	2.688	-1.26e+05
   5.8e-07	1.475e+17	-1.342e+22	6.488e+06	2.687	-1.26e+05
   5.9e-07	1.473e+17	-1.431e+22	6.496e+06	2.686	-1.26e+05
     6e-07	1.472e+17	-1.515e+22	6.504e+06	2.684	-1.26e+05
   6.1e-07	1.47e+17	-1.593e+22	6.512e+06	2.683	-1.26e+05
   6.2e-07	1.469e+17	-1.666e+22	6.52e+06	2.682	-1.26e+05
   6.3e-07	1.467e+17	-1.734e+22	6.529e+06	2.681	-1.26e+05
   6.4e-07	1.465e+17	-1.798e+22	6.537e+06	2.679	-1.26e+05
   6.5e-07	1.463e+17	-1.857e+22	6.545e+06	2.678	-1.26e+05
   6.6e-07	1.461e+17	-1.913e+22	6.553e+06	2.677	-1.26e+05
   6.7e-07	1.459e+17	-1.965e+22	6.562e+06	2.676	-1.26e+05
   6.8e-07	1.457e+17	-2.013e+22	6.57e+06	2.674	-1.26e+05
   6.9e-07	1.455e+17	-2.058e+22	6.578e+06	2.673	-1.26e+05
     7e-07	1.453e+17	-2.099e+22	6.586e+06	2.672	-1.26e+05
   7.1e-07	1.451e+17	-2.138e+22	6.595e+06	2.671	-1.26e+05
   7.2e-07	1.449e+17	-2.174e+22	6.603e+06	2.669	-1.26e+05
   7.3e-07	1.447e+17	-2.208e+22	6.611e+06	2.668	-1.26e+05
   7.4e-07	1.445e+17	-2.239e+22	6.62e+06	2.667	-1.26e+05
   7.5e-07	1.442e+17	-2.268e+22	6.628e+06	2.666	-1.26e+05
   7.6e-07	1.44e+17	-2.295e+22	6.636e+06	2.664	-1.26e+05
   7.7e-07	1.438e+17	-2.32e+22	6.645e+06	2.663	-1.26e+05
   7.8e-07	1.435e+17	-2.343e+22	6.653e+06	2.662	-1.26e+05
   7.9e-07	1.433e+17	-2.364e+22	6.662e+06	2.66	-1.26e+05
     8e-07	1.431e+17	-2.383e+22	6.67e+06	2.659	-1.26e+05
   8.1e-07	1.428e+17	-2.401e+22	6.678e+06	2.658	-1.26e+05
   8.2e-07	1.426e+17	-2.418e+22	6.687e+06	2.657	-1.26e+05
   8.3e-07	1.423e+17	-2.433e+22	6.695e+06	2.655	-1.26e+05
   8.4e-07	1.421e+17	-2.447e+22	6.704e+06	2.654	-1.26e+05
   8.5e-07	1.419e+17	-2.459e+22	6.712e+06	2.653	-1.26e+05
   8.6e-07	1.416e+17	-2.471e+22	6.721e+06	2.652	-1.26e+05
   8.7e-07	1.414e+17	-2.481e+22	6.729e+06	2.65	-1.26e+05
   8.8e-07	1.411e+17	-2.491e+22	6.738e+06	2.649	-1.26e+05
   8.9e-07	1.409e+17	-2.5e+22	6.746e+06	2.648	-1.26e+05
     9e-07	1.406e+17	-2.507e+22	6.755e+06	2.647	-1.26e+05
   9.1e-07	1.404e+17	-2.514e+22	6.763e+06	2.645	-1.26e+05
   9.2e-07	1.401e+17	-2.52e+22	6.772e+06	2.644	-1.26e+05
   9.3e-07	1.399e+17	-2.526e+22	6.78e+06	2.643	-1.26e+05
   9.4e-07	1.396e+17	-2.531e+22	6.789e+06	2.642	-1.26e+05
   9.5e-07	1.394e+17	-2.535e+22	6.797e+06	2.64	-1.26e+05
   9.6e-07	1.391e+17	-2.538e+22	6.806e+06	2.639	-1.26e+05
   9.7e-07	1.388e+17	-2.541e+22	6.814e+06	2.638	-1.26e+05
   9.8e-07	1.386e+17	-2.544e+22	6.823e+06	2.637	-1.26e+05
   9.9e-07	1.383e+17	-2.546e+22	6.832e+06	2.635	-1.26e+05
     1e-06	1.381e+17	-2.548e+22	6.84e+06	2.634	-1.26e+05
  1.01e-06	1.378e+17	-2.549e+22	6.849e+06	2.633	-1.26e+05
  1.02e-06	1.376e+17	-2.549e+22	6.857e+06	2.631	-1.26e+05
  1.03e-06	1.373e+17	-2.55e+22	6.866e+06	2.63	-1.26e+05
  1.04e-06	1.371e+17	-2.55e+22	6.875e+06	2.629	-1.26e+05
  1.05e-06	1.368e+17	-2.55e+22	6.883e+06	2.628	-1.26e+05
  1.06e-06	1.366e+17	-2.549e+22	6.892e+06	2.626	-1.26e+05
  1.07e-06	1.363e+17	-2.548e+22	6.901e+06	2.625	-1.26e+05
  1.08e-06	1.36e+17	-2.547e+22	6.91e+06	2.624	-1.26e+05
  1.09e-06	1.358e+17	-2.546e+22	6.918e+06	2.623	-1.26e+05
   1.1e-06	1.355e+17	-2.544e+22	6.927e+06	2.621	-1.26e+05
  1.11e-06	1.353e+17	-2.543e+22	6.936e+06	2.62	-1.26e+05
  1.12e-06	1.35e+17	-2.541e+22	6.944e+06	2.619	-1.26e+05
  1.13e-06	1.348e+17	-2.538e+22	6.953e+06	2.618	-1.26e+05
  1.14e-06	1.345e+17	-2.536e+22	6.962e+06	2.616	-1.26e+05
  1.15e-06	1.343e+17	-2.534e+22	6.971e+06	2.615	-1.26e+05
  1.16e-06	1.34e+17	-2.531e+22	6.98e+06	2.614	-1.26e+05
  1.17e-06	1.338e+17	-2.528e+22	6.988e+06	2.613	-1.26e+05
  1.18e-06	1.335e+17	-2.525e+22	6.997e+06	2.611	-1.26e+05
  1.19e-06	1.333e+17	-2.522e+22	7.006e+06	2.61	-1.26e+05
   1.2e-06	1.33e+17	-2.519e+22	7.015e+06	2.609	-1.26e+05
  1.21e-06	1.327e+17	-2.516e+22	7.024e+06	2.608	-1.26e+05
  1.22e-06	1.325e+17	-2.513e+22	7.032e+06	2.606	-1.26e+05
  1.23e-06	1.322e+17	-2.509e+22	7.041e+06	2.605	-1.26e+05
  1.24e-06	1.32e+17	-2.506e+22	7.05e+06	2.604	-1.26e+05
  1.25e-06	1.317e+17	-2.502e+22	7.059e+06	2.603	-1.26e+05
  1.26e-06	1.315e+17	-2.498e+22	7.068e+06	2.601	-1.26e+05
  1.27e-06	1.312e+17	-2.495e+22	7.077e+06	2.6	-1.26e+05
  1.28e-06	1.31e+17	-2.491e+22	7.086e+06	2.599	-1.26e+05
  1.29e-06	1.307e+17	-2.487e+22	7.095e+06	2.597	-1.26e+05
   1.3e-06	1.305e+17	-2.483e+22	7.104e+06	2.596	-1.26e+05
  1.31e-06	1.303e+17	-2.479e+22	7.113e+06	2.595	-1.26e+05
  1.32e-06	1.3e+17	-2.475e+22	7.122e+06	2.594	-1.26e+05
  1.33e-06	1.298e+17	-2.471e+22	7.131e+06	2.592	-1.26e+05
  1.34e-06	1.295e+17	-2.467e+22	7.14e+06	2.591	-1.26e+05
  1.35e-06	1.293e+17	-2.463e+22	7.149e+06	2.59	-1.26e+05
  1.36e-06	1.29e+17	-2.459e+22	7.158e+06	2.589	-1.26e+05
  1.37e-06	1.288e+17	-2.455e+22	7.167e+06	2.587	-1.26e+05
  1.38e-06	1.285e+17	-2.45e+22	7.176e+06	2.586	-1.26e+05
  1.39e-06	1.283e+17	-2.446e+22	7.185e+06	2.585	-1.26e+05
   1.4e-06	1.28e+17	-2.442e+22	7.194e+06	2.584	-1.26e+05
  1.41e-06	1.278e+17	-2.438e+22	7.203e+06	2.582	-1.26e+05
  1.42e-06	1.275e+17	-2.433e+22	7.212e+06	2.581	-1.26e+05
  1.43e-06	1.273e+17	-2.429e+22	7.221e+06	2.58	-1.26e+05
  1.44e-06	1.271e+17	-2.425e+22	7.23e+06	2.579	-1.26e+05
  1.45e-06	1.268e+17	-2.42e+22	7.239e+06	2.577	-1.26e+05
  1.46e-06	1.266e+17	-2.416e+22	7.248e+06	2.576	-1.26e+05
  1.47e-06	1.263e+17	-2.412e+22	7.258e+06	2.575	-1.26e+05
  1.48e-06	1.261e+17	-2.407e+22	7.267e+06	2.574	-1.26e+05
  1.49e-06	1.259e+17	-2.403e+22	7.276e+06	2.572	-1.26e+05
   1.5e-06	1.256e+17	-2.399e+22	7.285e+06	2.571	-1.26e+05
  1.51e-06	1.254e+17	-2.394e+22	7.294e+06	2.57	-1.26e+05
  1.52e-06	1.251e+17	-2.39e+22	7.303e+06	2.568	-1.26e+05
  1.53e-06	1.249e+17	-2.385e+22	7.313e+06	2.567	-1.26e+05
  1.54e-06	1.247e+17	-2.381e+22	7.322e+06	2.566	-1.26e+05
  1.55e-06	1.244e+17	-2.377e+22	7.331e+06	2.565	-1.26e+05
  1.56e-06	1.242e+17	-2.372e+22	7.34e+06	2.563	-1.26e+05
  1.57e-06	1.239e+17	-2.368e+22	7.35e+06	2.562	-1.26e+05
  1.58e-06	1.237e+17	-2.363e+22	7.359e+06	2.561	-1.26e+05
  1.59e-06	1.235e+17	-2.359e+22	7.368e+06	2.56	-1.26e+05
   1.6e-06	1.232e+17	-2.355e+22	7.377e+06	2.558	-1.26e+05
  1.61e-06	1.23e+17	-2.35e+22	7.387e+06	2.557	-1.26e+05
  1.62e-06	1.228e+17	-2.346e+22	7.396e+06	2.556	-1.26e+05
  1.63e-06	1.225e+17	-2.341e+22	7.405e+06	2.555	-1.26e+05
  1.64e-06	1.223e+17	-2.337e+22	7.415e+06	2.553	-1.26e+05
  1.65e-06	1.221e+17	-2.333e+22	7.424e+06	2.552	-1.26e+05
  1.66e-06	1.218e+17	-2.328e+22	7.433e+06	2.551	-1.26e+05
  1.67e-06	1.216e+17	-2.324e+22	7.443e+06	2.55	-1.26e+05
  1.68e-06	1.214e+17	-2.319e+22	7.452e+06	2.548	-1.26e+05
  1.69e-06	1.211e+17	-2.315e+22	7.462e+06	2.547	-1.26e+05
   1.7e-06	1.209e+17	-2.311e+22	7.471e+06	2.546	-1.26e+05
  1.71e-06	1.207e+17	-2.306e+22	7.48e+06	2.545	-1.26e+05
  1.72e-06	1.204e+17	-2.302e+22	7.49e+06	2.543	-1.26e+05
  1.73e-06	1.202e+17	-2.298e+22	7.499e+06	2.542	-1.26e+05
  1.74e-06	1.2e+17	-2.293e+22	7.509e+06	2.541	-1.26e+05
  1.75e-06	1.198e+17	-2.289e+22	7.518e+06	2.54	-1.26e+05
  1.76e-06	1.195e+17	-2.285e+22	7.528e+06	2.538	-1.26e+05
  1.77e-06	1.193e+17	-2.28e+22	7.537e+06	2.537	-1.26e+05
  1.78e-06	1.191e+17	-2.276e+22	7.547e+06	2.536	-1.26e+05
  1.79e-06	1.188e+17	-2.272e+22	7.556e+06	2.534	-1.26e+05
   1.8e-06	1.186e+17	-2.267e+22	7.566e+06	2.533	-1.26e+05
  1.81e-06	1.184e+17	-2.263e+22	7.575e+06	2.532	-1.26e+05
  1.82e-06	1.182e+17	-2.259e+22	7.585e+06	2.531	-1.26e+05
  1.83e-06	1.179e+17	-2.254e+22	7.594e+06	2.529	-1.26e+05
  1.84e-06	1.177e+17	-2.25e+22	7.604e+06	2.528	-1.26e+05
  1.85e-06	1.175e+17	-2.246e+22	7.613e+06	2.527	-1.26e+05
  1.86e-06	1.173e+17	-2.241e+22	7.623e+06	2.526	-1.26e+05
  1.87e-06	1.17e+17	-2.237e+22	7.633e+06	2.524	-1.26e+05
  1.88e-06	1.168e+17	-2.233e+22	7.642e+06	2.523	-1.26e+05
  1.89e-06	1.166e+17	-2.229e+22	7.652e+06	2.522	-1.26e+05
   1.9e-06	1.164e+17	-2.224e+22	7.662e+06	2.521	-1.26e+05
  1.91e-06	1.161e+17	-2.22e+22	7.671e+06	2.519	-1.26e+05
  1.92e-06	1.159e+17	-2.216e+22	7.681e+06	2.518	-1.26e+05
  1.93e-06	1.157e+17	-2.212e+22	7.691e+06	2.517	-1.26e+05
  1.94e-06	1.155e+17	-2.208e+22	7.7e+06	2.516	-1.26e+05
  1.95e-06	1.153e+17	-2.203e+22	7.71e+06	2.514	-1.26e+05
  1.96e-06	1.15e+17	-2.199e+22	7.72e+06	2.513	-1.26e+05
  1.97e-06	1.148e+17	-2.195e+22	7.729e+06	2.512	-1.26e+05
  1.98e-06	1.146e+17	-2.191e+22	7.739e+06	2.511	-1.26e+05
  1.99e-06	1.144e+17	-2.187e+22	7.749e+06	2.509	-1.26e+05
     2e-06	1.142e+17	-2.182e+22	7.759e+06	2.508	-1.26e+05
  2.01e-06	1.14e+17	-2.178e+22	7.769e+06	2.507	-1.26e+05
  2.02e-06	1.137e+17	-2.174e+22	7.778e+06	2.505	-1.26e+05
  2.03e-06	1.135e+17	-2.17e+22	7.788e+06	2.504	-1.26e+05
  2.04e-06	1.133e+17	-2.166e+22	7.798e+06	2.503	-1.26e+05
  2.05e-06	1.131e+17	-2.162e+22	7.808e+06	2.502	-1.26e+05
  2.06e-06	1.129e+17	-2.158e+22	7.818e+06	2.5	-1.26e+05
  2.07e-06	1.127e+17	-2.153e+22	7.827e+06	2.499	-1.26e+05
  2.08e-06	1.124e+17	-2.149e+22	7.837e+06	2.498	-1.26e+05
  2.09e-06	1.122e+17	-2.145e+22	7.847e+06	2.497	-1.26e+05
   2.1e-06	1.12e+17	-2.141e+22	7.857e+06	2.495	-1.26e+05
  2.11e-06	1.118e+17	-2.137e+22	7.867e+06	2.494	-1.26e+05
  2.12e-06	1.116e+17	-2.133e+22	7.877e+06	2.493	-1.26e+05
  2.13e-06	1.114e+17	-2.129e+22	7.887e+06	2.492	-1.26e+05
  2.14e-06	1.112e+17	-2.125e+22	7.897e+06	2.49	-1.26e+05
  2.15e-06	1.109e+17	-2.121e+22	7.907e+06	2.489	-1.26e+05
  2.16e-06	1.107e+17	-2.117e+22	7.917e+06	2.488	-1.26e+05
  2.17e-06	1.105e+17	-2.113e+22	7.927e+06	2.487	-1.26e+05
  2.18e-06	1.103e+17	-2.109e+22	7.937e+06	2.485	-1.26e+05
  2.19e-06	1.101e+17	-2.105e+22	7.947e+06	2.484	-1.26e+05
   2.2e-06	1.099e+17	-2.101e+22	7.957e+06	2.483	-1.26e+05
  2.21e-06	1.097e+17	-2.097e+22	7.967e+06	2.482	-1.26e+05
  2.22e-06	1.095e+17	-2.093e+22	7.977e+06	2.48	-1.26e+05
  2.23e-06	1.093e+17	-2.089e+22	7.987e+06	2.479	-1.26e+05
  2.24e-06	1.09e+17	-2.085e+22	7.997e+06	2.478	-1.26e+05
  2.25e-06	1.088e+17	-2.081e+22	8.007e+06	2.477	-1.26e+05
  2.26e-06	1.086e+17	-2.077e+22	8.017e+06	2.475	-1.26e+05
  2.27e-06	1.084e+17	-2.073e+22	8.027e+06	2.474	-1.26e+05
  2.28e-06	1.082e+17	-2.069e+22	8.037e+06	2.473	-1.26e+05
  2.29e-06	1.08e+17	-2.065e+22	8.047e+06	2.471	-1.26e+05
   2.3e-06	1.078e+17	-2.061e+22	8.058e+06	2.47	-1.26e+05
  2.31e-06	1.076e+17	-2.057e+22	8.068e+06	2.469	-1.26e+05
  2.32e-06	1.074e+17	-2.053e+22	8.078e+06	2.468	-1.26e+05
  2.33e-06	1.072e+17	-2.049e+22	8.088e+06	2.466	-1.26e+05
  2.34e-06	1.07e+17	-2.045e+22	8.098e+06	2.465	-1.26e+05
  2.35e-06	1.068e+17	-2.041e+22	8.109e+06	2.464	-1.26e+05
  2.36e-06	1.066e+17	-2.037e+22	8.119e+06	2.463	-1.26e+05
  2.37e-06	1.064e+17	-2.033e+22	8.129e+06	2.461	-1.26e+05
  2.38e-06	1.062e+17	-2.03e+22	8.139e+06	2.46	-1.26e+05
  2.39e-06	1.06e+17	-2.026e+22	8.15e+06	2.459	-1.26e+05
   2.4e-06	1.058e+17	-2.022e+22	8.16e+06	2.458	-1.26e+05
  2.41e-06	1.056e+17	-2.018e+22	8.17e+06	2.456	-1.26e+05
  2.42e-06	1.054e+17	-2.014e+22	8.18e+06	2.455	-1.26e+05
  2.43e-06	1.052e+17	-2.01e+22	8.191e+06	2.454	-1.26e+05
  2.44e-06	1.05e+17	-2.006e+22	8.201e+06	2.453	-1.26e+05
  2.45e-06	1.048e+17	-2.003e+22	8.211e+06	2.451	-1.26e+05
  2.46e-06	1.046e+17	-1.999e+22	8.222e+06	2.45	-1.26e+05
  2.47e-06	1.044e+17	-1.995e+22	8.232e+06	2.449	-1.26e+05
  2.48e-06	1.042e+17	-1.991e+22	8.242e+06	2.448	-1.26e+05
  2.49e-06	1.04e+17	-1.987e+22	8.253e+06	2.446	-1.26e+05
   2.5e-06	1.038e+17	-1.984e+22	8.263e+06	2.445	-1.26e+05
  2.51e-06	1.036e+17	-1.98e+22	8.274e+06	2.444	-1.26e+05
  2.52e-06	1.034e+17	-1.976e+22	8.284e+06	2.442	-1.26e+05
  2.53e-06	1.032e+17	-1.972e+22	8.295e+06	2.441	-1.26e+05
  2.54e-06	1.03e+17	-1.968e+22	8.305e+06	2.44	-1.26e+05
  2.55e-06	1.028e+17	-1.965e+22	8.315e+06	2.439	-1.26e+05
  2.56e-06	1.026e+17	-1.961e+22	8.326e+06	2.437	-1.26e+05
  2.57e-06	1.024e+17	-1.957e+22	8.336e+06	2.436	-1.26e+05
  2.58e-06	1.022e+17	-1.953e+22	8.347e+06	2.435	-1.26e+05
  2.59e-06	1.02e+17	-1.95e+22	8.358e+06	2.434	-1.26e+05
   2.6e-06	1.018e+17	-1.946e+22	8.368e+06	2.432	-1.26e+05
  2.61e-06	1.016e+17	-1.942e+22	8.379e+06	2.431	-1.26e+05
  2.62e-06	1.014e+17	-1.939e+22	8.389e+06	2.43	-1.26e+05
  2.63e-06	1.012e+17	-1.935e+22	8.4e+06	2.429	-1.26e+05
  2.64e-06	1.01e+17	-1.931e+22	8.41e+06	2.427	-1.26e+05
  2.65e-06	1.008e+17	-1.927e+22	8.421e+06	2.426	-1.26e+05
  2.66e-06	1.006e+17	-1.924e+22	8.432e+06	2.425	-1.26e+05
  2.67e-06	1.004e+17	-1.92e+22	8.442e+06	2.424	-1.26e+05
  2.68e-06	1.003e+17	-1.916e+22	8.453e+06	2.422	-1.26e+05
  2.69e-06	1.001e+17	-1.913e+22	8.463e+06	2.421	-1.26e+05
   2.7e-06	9.987e+16	-1.909e+22	8.474e+06	2.42	-1.26e+05
  2.71e-06	9.968e+16	-1.905e+22	8.485e+06	2.419	-1.26e+05
  2.72e-06	9.949e+16	-1.902e+22	8.496e+06	2.417	-1.26e+05
  2.73e-06	9.93e+16	-1.898e+22	8.506e+06	2.416	-1.26e+05
  2.74e-06	9.911e+16	-1.895e+22	8.517e+06	2.415	-1.26e+05
  2.75e-06	9.892e+16	-1.891e+22	8.528e+06	2.414	-1.26e+05
  2.76e-06	9.873e+16	-1.887e+22	8.538e+06	2.412	-1.26e+05
  2.77e-06	9.854e+16	-1.884e+22	8.549e+06	2.411	-1.26e+05
  2.78e-06	9.835e+16	-1.88e+22	8.56e+06	2.41	-1.26e+05
  2.79e-06	9.817e+16	-1.877e+22	8.571e+06	2.408	-1.26e+05
   2.8e-06	9.798e+16	-1.873e+22	8.582e+06	2.407	-1.26e+05
  2.81e-06	9.779e+16	-1.869e+22	8.592e+06	2.406	-1.26e+05
  2.82e-06	9.76e+16	-1.866e+22	8.603e+06	2.405	-1.26e+05
  2.83e-06	9.742e+16	-1.862e+22	8.614e+06	2.403	-1.26e+05
  2.84e-06	9.723e+16	-1.859e+22	8.625e+06	2.402	-1.26e+05
  2.85e-06	9.705e+16	-1.855e+22	8.636e+06	2.401	-1.26e+05
  2.86e-06	9.686e+16	-1.852e+22	8.647e+06	2.4	-1.26e+05
  2.87e-06	9.668e+16	-1.848e+22	8.658e+06	2.398	-1.26e+05
  2.88e-06	9.649e+16	-1.845e+22	8.669e+06	2.397	-1.26e+05
  2.89e-06	9.631e+16	-1.841e+22	8.679e+06	2.396	-1.26e+05
   2.9e-06	9.612e+16	-1.838e+22	8.69e+06	2.395	-1.26e+05
  2.91e-06	9.594e+16	-1.834e+22	8.701e+06	2.393	-1.26e+05
  2.92e-06	9.576e+16	-1.831e+22	8.712e+06	2.392	-1.26e+05
  2.93e-06	9.557e+16	-1.827e+22	8.723e+06	2.391	-1.26e+05
  2.94e-06	9.539e+16	-1.824e+22	8.734e+06	2.39	-1.26e+05
  2.95e-06	9.521e+16	-1.82e+22	8.745e+06	2.388	-1.26e+05
  2.96e-06	9.503e+16	-1.817e+22	8.756e+06	2.387	-1.26e+05
  2.97e-06	9.485e+16	-1.813e+22	8.767e+06	2.386	-1.26e+05
  2.98e-06	9.466e+16	-1.81e+22	8.778e+06	2.385	-1.26e+05
  2.99e-06	9.448e+16	-1.806e+22	8.79e+06	2.383	-1.26e+05
     3e-06	9.43e+16	-1.803e+22	8.801e+06	2.382	-1.26e+05
  3.01e-06	9.412e+16	-1.799e+22	8.812e+06	2.381	-1.26e+05
  3.02e-06	9.394e+16	-1.796e+22	8.823e+06	2.379	-1.26e+05
  3.03e-06	9.376e+16	-1.792e+22	8.834e+06	2.378	-1.26e+05
  3.04e-06	9.359e+16	-1.789e+22	8.845e+06	2.377	-1.26e+05
  3.05e-06	9.341e+16	-1.786e+22	8.856e+06	2.376	-1.26e+05
  3.06e-06	9.323e+16	-1.782e+22	8.867e+06	2.374	-1.26e+05
  3.07e-06	9.305e+16	-1.779e+22	8.879e+06	2.373	-1.26e+05
  3.08e-06	9.287e+16	-1.775e+22	8.89e+06	2.372	-1.26e+05
  3.09e-06	9.269e+16	-1.772e+22	8.901e+06	2.371	-1.26e+05
   3.1e-06	9.252e+16	-1.769e+22	8.912e+06	2.369	-1.26e+05
  3.11e-06	9.234e+16	-1.765e+22	8.923e+06	2.368	-1.26e+05
  3.12e-06	9.216e+16	-1.762e+22	8.935e+06	2.367	-1.26e+05
  3.13e-06	9.199e+16	-1.758e+22	8.946e+06	2.366	-1.26e+05
  3.14e-06	9.181e+16	-1.755e+22	8.957e+06	2.364	-1.26e+05
  3.15e-06	9.164e+16	-1.752e+22	8.969e+06	2.363	-1.26e+05
  3.16e-06	9.146e+16	-1.748e+22	8.98e+06	2.362	-1.26e+05
  3.17e-06	9.129e+16	-1.745e+22	8.991e+06	2.361	-1.26e+05
  3.18e-06	9.111e+16	-1.742e+22	9.002e+06	2.359	-1.26e+05
  3.19e-06	9.094e+16	-1.738e+22	9.014e+06	2.358	-1.26e+05
   3.2e-06	9.077e+16	-1.735e+22	9.025e+06	2.357	-1.26e+05
  3.21e-06	9.059e+16	-1.732e+22	9.037e+06	2.356	-1.26e+05
  3.22e-06	9.042e+16	-1.728e+22	9.048e+06	2.354	-1.26e+05
  3.23e-06	9.025e+16	-1.725e+22	9.059e+06	2.353	-1.26e+05
  3.24e-06	9.007e+16	-1.722e+22	9.071e+06	2.352	-1.26e+05
  3.25e-06	8.99e+16	-1.719e+22	9.082e+06	2.351	-1.26e+05
  3.26e-06	8.973e+16	-1.715e+22	9.094e+06	2.349	-1.26e+05
  3.27e-06	8.956e+16	-1.712e+22	9.105e+06	2.348	-1.26e+05
  3.28e-06	8.939e+16	-1.709e+22	9.117e+06	2.347	-1.26e+05
  3.29e-06	8.922e+16	-1.706e+22	9.128e+06	2.345	-1.26e+05
   3.3e-06	8.905e+16	-1.702e+22	9.14e+06	2.344	-1.26e+05
  3.31e-06	8.888e+16	-1.699e+22	9.151e+06	2.343	-1.26e+05
  3.32e-06	8.871e+16	-1.696e+22	9.163e+06	2.342	-1.26e+05
  3.33e-06	8.854e+16	-1.693e+22	9.174e+06	2.34	-1.26e+05
  3.34e-06	8.837e+16	-1.689e+22	9.186e+06	2.339	-1.26e+05
  3.35e-06	8.82e+16	-1.686e+22	9.197e+06	2.338	-1.26e+05
  3.36e-06	8.803e+16	-1.683e+22	9.209e+06	2.337	-1.26e+05
  3.37e-06	8.786e+16	-1.68e+22	9.221e+06	2.335	-1.26e+05
  3.38e-06	8.77e+16	-1.676e+22	9.232e+06	2.334	-1.26e+05
  3.39e-06	8.753e+16	-1.673e+22	9.244e+06	2.333	-1.26e+05
   3.4e-06	8.736e+16	-1.67e+22	9.256e+06	2.332	-1.26e+05
  3.41e-06	8.719e+16	-1.667e+22	9.267e+06	2.33	-1.26e+05
  3.42e-06	8.703e+16	-1.664e+22	9.279e+06	2.329	-1.26e+05
  3.43e-06	8.686e+16	-1.66e+22	9.291e+06	2.328	-1.26e+05
  3.44e-06	8.67e+16	-1.657e+22	9.302e+06	2.327	-1.26e+05
  3.45e-06	8.653e+16	-1.654e+22	9.314e+06	2.325	-1.26e+05
  3.46e-06	8.637e+16	-1.651e+22	9.326e+06	2.324	-1.26e+05
  3.47e-06	8.62e+16	-1.648e+22	9.338e+06	2.323	-1.26e+05
  3.48e-06	8.604e+16	-1.645e+22	9.349e+06	2.322	-1.26e+05
  3.49e-06	8.587e+16	-1.642e+22	9.361e+06	2.32	-1.26e+05
   3.5e-06	8.571e+16	-1.638e+22	9.373e+06	2.319	-1.26e+05
  3.51e-06	8.554e+16	-1.635e+22	9.385e+06	2.318	-1.26e+05
  3.52e-06	8.538e+16	-1.632e+22	9.397e+06	2.316	-1.26e+05
  3.53e-06	8.522e+16	-1.629e+22	9.408e+06	2.315	-1.26e+05
  3.54e-06	8.505e+16	-1.626e+22	9.42e+06	2.314	-1.26e+05
  3.55e-06	8.489e+16	-1.623e+22	9.432e+06	2.313	-1.26e+05
  3.56e-06	8.473e+16	-1.62e+22	9.444e+06	2.311	-1.26e+05
  3.57e-06	8.457e+16	-1.617e+22	9.456e+06	2.31	-1.26e+05
  3.58e-06	8.441e+16	-1.614e+22	9.468e+06	2.309	-1.26e+05
  3.59e-06	8.425e+16	-1.61e+22	9.48e+06	2.308	-1.26e+05
   3.6e-06	8.408e+16	-1.607e+22	9.492e+06	2.306	-1.26e+05
  3.61e-06	8.392e+16	-1.604e+22	9.504e+06	2.305	-1.26e+05
  3.62e-06	8.376e+16	-1.601e+22	9.516e+06	2.304	-1.26e+05
  3.63e-06	8.36e+16	-1.598e+22	9.528e+06	2.303	-1.26e+05
  3.64e-06	8.344e+16	-1.595e+22	9.54e+06	2.301	-1.26e+05
  3.65e-06	8.328e+16	-1.592e+22	9.552e+06	2.3	-1.26e+05
  3.66e-06	8.313e+16	-1.589e+22	9.564e+06	2.299	-1.26e+05
  3.67e-06	8.297e+16	-1.586e+22	9.576e+06	2.298	-1.26e+05
  3.68e-06	8.281e+16	-1.583e+22	9.588e+06	2.296	-1.26e+05
  3.69e-06	8.265e+16	-1.58e+22	9.6e+06	2.295	-1.26e+05
   3.7e-06	8.249e+16	-1.577e+22	9.612e+06	2.294	-1.26e+05
  3.71e-06	8.233e+16	-1.574e+22	9.624e+06	2.293	-1.26e+05
  3.72e-06	8.218e+16	-1.571e+22	9.636e+06	2.291	-1.26e+05
  3.73e-06	8.202e+16	-1.568e+22	9.648e+06	2.29	-1.26e+05
  3.74e-06	8.186e+16	-1.565e+22	9.661e+06	2.289	-1.26e+05
  3.75e-06	8.171e+16	-1.562e+22	9.673e+06	2.288	-1.26e+05
  3.76e-06	8.155e+16	-1.559e+22	9.685e+06	2.286	-1.26e+05
  3.77e-06	8.14e+16	-1.556e+22	9.697e+06	2.285	-1.26e+05
  3.78e-06	8.124e+16	-1.553e+22	9.709e+06	2.284	-1.26e+05
  3.79e-06	8.109e+16	-1.55e+22	9.722e+06	2.282	-1.26e+05
   3.8e-06	8.093e+16	-1.547e+22	9.734e+06	2.281	-1.26e+05
  3.81e-06	8.078e+16	-1.544e+22	9.746e+06	2.28	-1.26e+05
  3.82e-06	8.062e+16	-1.541e+22	9.759e+06	2.279	-1.26e+05
  3.83e-06	8.047e+16	-1.538e+22	9.771e+06	2.277	-1.26e+05
  3.84e-06	8.031e+16	-1.535e+22	9.783e+06	2.276	-1.26e+05
  3.85e-06	8.016e+16	-1.532e+22	9.795e+06	2.275	-1.26e+05
  3.86e-06	8.001e+16	-1.529e+22	9.808e+06	2.274	-1.26e+05
  3.87e-06	7.985e+16	-1.527e+22	9.82e+06	2.272	-1.26e+05
  3.88e-06	7.97e+16	-1.524e+22	9.833e+06	2.271	-1.26e+05
  3.89e-06	7.955e+16	-1.521e+22	9.845e+06	2.27	-1.26e+05
   3.9e-06	7.94e+16	-1.518e+22	9.857e+06	2.269	-1.26e+05
  3.91e-06	7.925e+16	-1.515e+22	9.87e+06	2.267	-1.26e+05
  3.92e-06	7.909e+16	-1.512e+22	9.882e+06	2.266	-1.26e+05
  3.93e-06	7.894e+16	-1.509e+22	9.895e+06	2.265	-1.26e+05
  3.94e-06	7.879e+16	-1.506e+22	9.907e+06	2.264	-1.26e+05
  3.95e-06	7.864e+16	-1.503e+22	9.92e+06	2.262	-1.26e+05
  3.96e-06	7.849e+16	-1.5e+22	9.932e+06	2.261	-1.26e+05
  3.97e-06	7.834e+16	-1.498e+22	9.945e+06	2.26	-1.26e+05
  3.98e-06	7.819e+16	-1.495e+22	9.957e+06	2.259	-1.26e+05
  3.99e-06	7.804e+16	-1.492e+22	9.97e+06	2.257	-1.26e+05
     4e-06	7.789e+16	-1.489e+22	9.982e+06	2.256	-1.26e+05
  4.01e-06	7.775e+16	-1.486e+22	9.995e+06	2.255	-1.26e+05
  4.02e-06	7.76e+16	-1.483e+22	1.001e+07	2.253	-1.26e+05
  4.03e-06	7.745e+16	-1.481e+22	1.002e+07	2.252	-1.26e+05
  4.04e-06	7.73e+16	-1.478e+22	1.003e+07	2.251	-1.26e+05
  4.05e-06	7.715e+16	-1.475e+22	1.005e+07	2.25	-1.26e+05
  4.06e-06	7.701e+16	-1.472e+22	1.006e+07	2.248	-1.26e+05
  4.07e-06	7.686e+16	-1.469e+22	1.007e+07	2.247	-1.26e+05
  4.08e-06	7.671e+16	-1.466e+22	1.008e+07	2.246	-1.26e+05
  4.09e-06	7.657e+16	-1.464e+22	1.01e+07	2.245	-1.26e+05
   4.1e-06	7.642e+16	-1.461e+22	1.011e+07	2.243	-1.26e+05
  4.11e-06	7.627e+16	-1.458e+22	1.012e+07	2.242	-1.26e+05
  4.12e-06	7.613e+16	-1.455e+22	1.013e+07	2.241	-1.26e+05
  4.13e-06	7.598e+16	-1.452e+22	1.015e+07	2.24	-1.26e+05
  4.14e-06	7.584e+16	-1.45e+22	1.016e+07	2.238	-1.26e+05
  4.15e-06	7.569e+16	-1.447e+22	1.017e+07	2.237	-1.26e+05
  4.16e-06	7.555e+16	-1.444e+22	1.019e+07	2.236	-1.26e+05
  4.17e-06	7.54e+16	-1.441e+22	1.02e+07	2.235	-1.26e+05
  4.18e-06	7.526e+16	-1.439e+22	1.021e+07	2.233	-1.26e+05
  4.19e-06	7.512e+16	-1.436e+22	1.022e+07	2.232	-1.26e+05
   4.2e-06	7.497e+16	-1.433e+22	1.024e+07	2.231	-1.26e+05
  4.21e-06	7.483e+16	-1.43e+22	1.025e+07	2.23	-1.26e+05
  4.22e-06	7.469e+16	-1.428e+22	1.026e+07	2.228	-1.26e+05
  4.23e-06	7.454e+16	-1.425e+22	1.028e+07	2.227	-1.26e+05
  4.24e-06	7.44e+16	-1.422e+22	1.029e+07	2.226	-1.26e+05
  4.25e-06	7.426e+16	-1.42e+22	1.03e+07	2.225	-1.26e+05
  4.26e-06	7.412e+16	-1.417e+22	1.031e+07	2.223	-1.26e+05
  4.27e-06	7.398e+16	-1.414e+22	1.033e+07	2.222	-1.26e+05
  4.28e-06	7.383e+16	-1.411e+22	1.034e+07	2.221	-1.26e+05
  4.29e-06	7.369e+16	-1.409e+22	1.035e+07	2.219	-1.26e+05
   4.3e-06	7.355e+16	-1.406e+22	1.037e+07	2.218	-1.26e+05
  4.31e-06	7.341e+16	-1.403e+22	1.038e+07	2.217	-1.26e+05
  4.32e-06	7.327e+16	-1.401e+22	1.039e+07	2.216	-1.26e+05
  4.33e-06	7.313e+16	-1.398e+22	1.041e+07	2.214	-1.26e+05
  4.34e-06	7.299e+16	-1.395e+22	1.042e+07	2.213	-1.26e+05
  4.35e-06	7.285e+16	-1.393e+22	1.043e+07	2.212	-1.26e+05
  4.36e-06	7.271e+16	-1.39e+22	1.045e+07	2.211	-1.26e+05
  4.37e-06	7.258e+16	-1.387e+22	1.046e+07	2.209	-1.26e+05
  4.38e-06	7.244e+16	-1.385e+22	1.047e+07	2.208	-1.26e+05
  4.39e-06	7.23e+16	-1.382e+22	1.049e+07	2.207	-1.26e+05
   4.4e-06	7.216e+16	-1.379e+22	1.05e+07	2.206	-1.26e+05
  4.41e-06	7.202e+16	-1.377e+22	1.051e+07	2.204	-1.26e+05
  4.42e-06	7.188e+16	-1.374e+22	1.052e+07	2.203	-1.26e+05
  4.43e-06	7.175e+16	-1.372e+22	1.054e+07	2.202	-1.26e+05
  4.44e-06	7.161e+16	-1.369e+22	1.055e+07	2.201	-1.26e+05
  4.45e-06	7.147e+16	-1.366e+22	1.056e+07	2.199	-1.26e+05
  4.46e-06	7.134e+16	-1.364e+22	1.058e+07	2.198	-1.26e+05
  4.47e-06	7.12e+16	-1.361e+22	1.059e+07	2.197	-1.26e+05
  4.48e-06	7.107e+16	-1.358e+22	1.06e+07	2.196	-1.26e+05
  4.49e-06	7.093e+16	-1.356e+22	1.062e+07	2.194	-1.26e+05
   4.5e-06	7.079e+16	-1.353e+22	1.063e+07	2.193	-1.26e+05
  4.51e-06	7.066e+16	-1.351e+22	1.064e+07	2.192	-1.26e+05
  4.52e-06	7.052e+16	-1.348e+22	1.066e+07	2.19	-1.26e+05
  4.53e-06	7.039e+16	-1.346e+22	1.067e+07	2.189	-1.26e+05
  4.54e-06	7.025e+16	-1.343e+22	1.069e+07	2.188	-1.26e+05
  4.55e-06	7.012e+16	-1.34e+22	1.07e+07	2.187	-1.26e+05
  4.56e-06	6.999e+16	-1.338e+22	1.071e+07	2.185	-1.26e+05
  4.57e-06	6.985e+16	-1.335e+22	1.073e+07	2.184	-1.26e+05
  4.58e-06	6.972e+16	-1.333e+22	1.074e+07	2.183	-1.26e+05
  4.59e-06	6.959e+16	-1.33e+22	1.075e+07	2.182	-1.26e+05
   4.6e-06	6.945e+16	-1.328e+22	1.077e+07	2.18	-1.26e+05
  4.61e-06	6.932e+16	-1.325e+22	1.078e+07	2.179	-1.26e+05
  4.62e-06	6.919e+16	-1.323e+22	1.079e+07	2.178	-1.26e+05
  4.63e-06	6.906e+16	-1.32e+22	1.081e+07	2.177	-1.26e+05
  4.64e-06	6.892e+16	-1.318e+22	1.082e+07	2.175	-1.26e+05
  4.65e-06	6.879e+16	-1.315e+22	1.083e+07	2.174	-1.26e+05
  4.66e-06	6.866e+16	-1.313e+22	1.085e+07	2.173	-1.26e+05
  4.67e-06	6.853e+16	-1.31e+22	1.086e+07	2.172	-1.26e+05
  4.68e-06	6.84e+16	-1.308e+22	1.088e+07	2.17	-1.26e+05
  4.69e-06	6.827e+16	-1.305e+22	1.089e+07	2.169	-1.26e+05
   4.7e-06	6.814e+16	-1.303e+22	1.09e+07	2.168	-1.26e+05
  4.71e-06	6.801e+16	-1.3e+22	1.092e+07	2.167	-1.26e+05
  4.72e-06	6.788e+16	-1.298e+22	1.093e+07	2.165	-1.26e+05
  4.73e-06	6.775e+16	-1.295e+22	1.094e+07	2.164	-1.26e+05
  4.74e-06	6.762e+16	-1.293e+22	1.096e+07	2.163	-1.26e+05
  4.75e-06	6.749e+16	-1.29e+22	1.097e+07	2.162	-1.26e+05
  4.76e-06	6.736e+16	-1.288e+22	1.099e+07	2.16	-1.26e+05
  4.77e-06	6.723e+16	-1.285e+22	1.1e+07	2.159	-1.26e+05
  4.78e-06	6.71e+16	-1.283e+22	1.101e+07	2.158	-1.26e+05
  4.79e-06	6.698e+16	-1.28e+22	1.103e+07	2.156	-1.26e+05
   4.8e-06	6.685e+16	-1.278e+22	1.104e+07	2.155	-1.26e+05
  4.81e-06	6.672e+16	-1.275e+22	1.105e+07	2.154	-1.26e+05
  4.82e-06	6.659e+16	-1.273e+22	1.107e+07	2.153	-1.26e+05
  4.83e-06	6.647e+16	-1.271e+22	1.108e+07	2.151	-1.26e+05
  4.84e-06	6.634e+16	-1.268e+22	1.11e+07	2.15	-1.26e+05
  4.85e-06	6.621e+16	-1.266e+22	1.111e+07	2.149	-1.26e+05
  4.86e-06	6.609e+16	-1.263e+22	1.112e+07	2.148	-1.26e+05
  4.87e-06	6.596e+16	-1.261e+22	1.114e+07	2.146	-1.26e+05
  4.88e-06	6.583e+16	-1.258e+22	1.115e+07	2.145	-1.26e+05
  4.89e-06	6.571e+16	-1.256e+22	1.117e+07	2.144	-1.26e+05
   4.9e-06	6.558e+16	-1.254e+22	1.118e+07	2.143	-1.26e+05
  4.91e-06	6.546e+16	-1.251e+22	1.12e+07	2.141	-1.26e+05
  4.92e-06	6.533e+16	-1.249e+22	1.121e+07	2.14	-1.26e+05
  4.93e-06	6.521e+16	-1.247e+22	1.122e+07	2.139	-1.26e+05
  4.94e-06	6.508e+16	-1.244e+22	1.124e+07	2.138	-1.26e+05
  4.95e-06	6.496e+16	-1.242e+22	1.125e+07	2.136	-1.26e+05
  4.96e-06	6.483e+16	-1.239e+22	1.127e+07	2.135	-1.26e+05
  4.97e-06	6.471e+16	-1.237e+22	1.128e+07	2.134	-1.26e+05
  4.98e-06	6.459e+16	-1.235e+22	1.129e+07	2.133	-1.26e+05
  4.99e-06	6.446e+16	-1.232e+22	1.131e+07	2.131	-1.26e+05
     5e-06	6.434e+16	-1.23e+22	1.132e+07	2.13	-1.26e+05
  5.01e-06	6.422e+16	-1.228e+22	1.134e+07	2.129	-1.26e+05
  5.02e-06	6.41e+16	-1.225e+22	1.135e+07	2.127	-1.26e+05
  5.03e-06	6.397e+16	-1.223e+22	1.137e+07	2.126	-1.26e+05
  5.04e-06	6.385e+16	-1.221e+22	1.138e+07	2.125	-1.26e+05
  5.05e-06	6.373e+16	-1.218e+22	1.139e+07	2.124	-1.26e+05
  5.06e-06	6.361e+16	-1.216e+22	1.141e+07	2.122	-1.26e+05
  5.07e-06	6.349e+16	-1.214e+22	1.142e+07	2.121	-1.26e+05
  5.08e-06	6.336e+16	-1.211e+22	1.144e+07	2.12	-1.26e+05
  5.09e-06	6.324e+16	-1.209e+22	1.145e+07	2.119	-1.26e+05
   5.1e-06	6.312e+16	-1.207e+22	1.147e+07	2.117	-1.26e+05
  5.11e-06	6.3e+16	-1.204e+22	1.148e+07	2.116	-1.26e+05
  5.12e-06	6.288e+16	-1.202e+22	1.15e+07	2.115	-1.26e+05
  5.13e-06	6.276e+16	-1.2e+22	1.151e+07	2.114	-1.26e+05
  5.14e-06	6.264e+16	-1.197e+22	1.152e+07	2.112	-1.26e+05
  5.15e-06	6.252e+16	-1.195e+22	1.154e+07	2.111	-1.26e+05
  5.16e-06	6.24e+16	-1.193e+22	1.155e+07	2.11	-1.26e+05
  5.17e-06	6.228e+16	-1.191e+22	1.157e+07	2.109	-1.26e+05
  5.18e-06	6.216e+16	-1.188e+22	1.158e+07	2.107	-1.26e+05
  5.19e-06	6.205e+16	-1.186e+22	1.16e+07	2.106	-1.26e+05
   5.2e-06	6.193e+16	-1.184e+22	1.161e+07	2.105	-1.26e+05
  5.21e-06	6.181e+16	-1.182e+22	1.163e+07	2.104	-1.26e+05
  5.22e-06	6.169e+16	-1.179e+22	1.164e+07	2.102	-1.26e+05
  5.23e-06	6.157e+16	-1.177e+22	1.166e+07	2.101	-1.26e+05
  5.24e-06	6.146e+16	-1.175e+22	1.167e+07	2.1	-1.26e+05
  5.25e-06	6.134e+16	-1.173e+22	1.169e+07	2.099	-1.26e+05
  5.26e-06	6.122e+16	-1.17e+22	1.17e+07	2.097	-1.26e+05
  5.27e-06	6.11e+16	-1.168e+22	1.171e+07	2.096	-1.26e+05
  5.28e-06	6.099e+16	-1.166e+22	1.173e+07	2.095	-1.26e+05
  5.29e-06	6.087e+16	-1.164e+22	1.174e+07	2.093	-1.26e+05
   5.3e-06	6.075e+16	-1.161e+22	1.176e+07	2.092	-1.26e+05
  5.31e-06	6.064e+16	-1.159e+22	1.177e+07	2.091	-1.26e+05
  5.32e-06	6.052e+16	-1.157e+22	1.179e+07	2.09	-1.26e+05
  5.33e-06	6.041e+16	-1.155e+22	1.18e+07	2.088	-1.26e+05
  5.34e-06	6.029e+16	-1.153e+22	1.182e+07	2.087	-1.26e+05
  5.35e-06	6.018e+16	-1.15e+22	1.183e+07	2.086	-1.26e+05
  5.36e-06	6.006e+16	-1.148e+22	1.185e+07	2.085	-1.26e+05
  5.37e-06	5.995e+16	-1.146e+22	1.186e+07	2.083	-1.26e+05
  5.38e-06	5.983e+16	-1.144e+22	1.188e+07	2.082	-1.26e+05
  5.39e-06	5.972e+16	-1.142e+22	1.189e+07	2.081	-1.26e+05
   5.4e-06	5.96e+16	-1.139e+22	1.191e+07	2.08	-1.26e+05
  5.41e-06	5.949e+16	-1.137e+22	1.192e+07	2.078	-1.26e+05
  5.42e-06	5.938e+16	-1.135e+22	1.194e+07	2.077	-1.26e+05
  5.43e-06	5.926e+16	-1.133e+22	1.195e+07	2.076	-1.26e+05
  5.44e-06	5.915e+16	-1.131e+22	1.197e+07	2.075	-1.26e+05
  5.45e-06	5.904e+16	-1.129e+22	1.198e+07	2.073	-1.26e+05
  5.46e-06	5.892e+16	-1.126e+22	1.2e+07	2.072	-1.26e+05
  5.47e-06	5.881e+16	-1.124e+22	1.201e+07	2.071	-1.26e+05
  5.48e-06	5.87e+16	-1.122e+22	1.203e+07	2.07	-1.26e+05
  5.49e-06	5.859e+16	-1.12e+22	1.204e+07	2.068	-1.26e+05
   5.5e-06	5.848e+16	-1.118e+22	1.206e+07	2.067	-1.26e+05
  5.51e-06	5.836e+16	-1.116e+22	1.207e+07	2.066	-1.26e+05
  5.52e-06	5.825e+16	-1.114e+22	1.209e+07	2.064	-1.26e+05
  5.53e-06	5.814e+16	-1.111e+22	1.21e+07	2.063	-1.26e+05
  5.54e-06	5.803e+16	-1.109e+22	1.212e+07	2.062	-1.26e+05
  5.55e-06	5.792e+16	-1.107e+22	1.214e+07	2.061	-1.26e+05
  5.56e-06	5.781e+16	-1.105e+22	1.215e+07	2.059	-1.26e+05
  5.57e-06	5.77e+16	-1.103e+22	1.217e+07	2.058	-1.26e+05
  5.58e-06	5.759e+16	-1.101e+22	1.218e+07	2.057	-1.26e+05
  5.59e-06	5.748e+16	-1.099e+22	1.22e+07	2.056	-1.26e+05
   5.6e-06	5.737e+16	-1.097e+22	1.221e+07	2.054	-1.26e+05
  5.61e-06	5.726e+16	-1.095e+22	1.223e+07	2.053	-1.26e+05
  5.62e-06	5.715e+16	-1.092e+22	1.224e+07	2.052	-1.26e+05
  5.63e-06	5.704e+16	-1.09e+22	1.226e+07	2.051	-1.26e+05
  5.64e-06	5.693e+16	-1.088e+22	1.227e+07	2.049	-1.26e+05
  5.65e-06	5.682e+16	-1.086e+22	1.229e+07	2.048	-1.26e+05
  5.66e-06	5.671e+16	-1.084e+22	1.23e+07	2.047	-1.26e+05
  5.67e-06	5.661e+16	-1.082e+22	1.232e+07	2.046	-1.26e+05
  5.68e-06	5.65e+16	-1.08e+22	1.234e+07	2.044	-1.26e+05
  5.69e-06	5.639e+16	-1.078e+22	1.235e+07	2.043	-1.26e+05
   5.7e-06	5.628e+16	-1.076e+22	1.237e+07	2.042	-1.26e+05
  5.71e-06	5.617e+16	-1.074e+22	1.238e+07	2.041	-1.26e+05
  5.72e-06	5.607e+16	-1.072e+22	1.24e+07	2.039	-1.26e+05
  5.73e-06	5.596e+16	-1.07e+22	1.241e+07	2.038	-1.26e+05
  5.74e-06	5.585e+16	-1.068e+22	1.243e+07	2.037	-1.26e+05
  5.75e-06	5.575e+16	-1.066e+22	1.245e+07	2.036	-1.26e+05
  5.76e-06	5.564e+16	-1.064e+22	1.246e+07	2.034	-1.26e+05
  5.77e-06	5.553e+16	-1.062e+22	1.248e+07	2.033	-1.26e+05
  5.78e-06	5.543e+16	-1.06e+22	1.249e+07	2.032	-1.26e+05
  5.79e-06	5.532e+16	-1.058e+22	1.251e+07	2.03	-1.26e+05
   5.8e-06	5.522e+16	-1.056e+22	1.252e+07	2.029	-1.26e+05
  5.81e-06	5.511e+16	-1.054e+22	1.254e+07	2.028	-1.26e+05
  5.82e-06	5.501e+16	-1.052e+22	1.256e+07	2.027	-1.26e+05
  5.83e-06	5.49e+16	-1.049e+22	1.257e+07	2.025	-1.26e+05
  5.84e-06	5.48e+16	-1.047e+22	1.259e+07	2.024	-1.26e+05
  5.85e-06	5.469e+16	-1.045e+22	1.26e+07	2.023	-1.26e+05
  5.86e-06	5.459e+16	-1.043e+22	1.262e+07	2.022	-1.26e+05
  5.87e-06	5.448e+16	-1.042e+22	1.263e+07	2.02	-1.26e+05
  5.88e-06	5.438e+16	-1.04e+22	1.265e+07	2.019	-1.26e+05
  5.89e-06	5.427e+16	-1.038e+22	1.267e+07	2.018	-1.26e+05
   5.9e-06	5.417e+16	-1.036e+22	1.268e+07	2.017	-1.26e+05
  5.91e-06	5.407e+16	-1.034e+22	1.27e+07	2.015	-1.26e+05
  5.92e-06	5.396e+16	-1.032e+22	1.271e+07	2.014	-1.26e+05
  5.93e-06	5.386e+16	-1.03e+22	1.273e+07	2.013	-1.26e+05
  5.94e-06	5.376e+16	-1.028e+22	1.275e+07	2.012	-1.26e+05
  5.95e-06	5.366e+16	-1.026e+22	1.276e+07	2.01	-1.26e+05
  5.96e-06	5.355e+16	-1.024e+22	1.278e+07	2.009	-1.26e+05
  5.97e-06	5.345e+16	-1.022e+22	1.279e+07	2.008	-1.26e+05
  5.98e-06	5.335e+16	-1.02e+22	1.281e+07	2.007	-1.26e+05
  5.99e-06	5.325e+16	-1.018e+22	1.283e+07	2.005	-1.26e+05
     6e-06	5.315e+16	-1.016e+22	1.284e+07	2.004	-1.26e+05
  6.01e-06	5.304e+16	-1.014e+22	1.286e+07	2.003	-1.26e+05
  6.02e-06	5.294e+16	-1.012e+22	1.288e+07	2.001	-1.26e+05
  6.03e-06	5.284e+16	-1.01e+22	1.289e+07	2	-1.26e+05
  6.04e-06	5.274e+16	-1.008e+22	1.291e+07	1.999	-1.26e+05
  6.05e-06	5.264e+16	-1.006e+22	1.292e+07	1.998	-1.26e+05
  6.06e-06	5.254e+16	-1.004e+22	1.294e+07	1.996	-1.26e+05
  6.07e-06	5.244e+16	-1.002e+22	1.296e+07	1.995	-1.26e+05
  6.08e-06	5.234e+16	-1.001e+22	1.297e+07	1.994	-1.26e+05
  6.09e-06	5.224e+16	-9.986e+21	1.299e+07	1.993	-1.26e+05
   6.1e-06	5.214e+16	-9.967e+21	1.301e+07	1.991	-1.26e+05
  6.11e-06	5.204e+16	-9.948e+21	1.302e+07	1.99	-1.26e+05
  6.12e-06	5.194e+16	-9.929e+21	1.304e+07	1.989	-1.26e+05
  6.13e-06	5.184e+16	-9.91e+21	1.306e+07	1.988	-1.26e+05
  6.14e-06	5.174e+16	-9.891e+21	1.307e+07	1.986	-1.26e+05
  6.15e-06	5.164e+16	-9.872e+21	1.309e+07	1.985	-1.26e+05
  6.16e-06	5.154e+16	-9.853e+21	1.31e+07	1.984	-1.26e+05
  6.17e-06	5.145e+16	-9.835e+21	1.312e+07	1.983	-1.26e+05
  6.18e-06	5.135e+16	-9.816e+21	1.314e+07	1.981	-1.26e+05
  6.19e-06	5.125e+16	-9.797e+21	1.315e+07	1.98	-1.26e+05
   6.2e-06	5.115e+16	-9.778e+21	1.317e+07	1.979	-1.26e+05
  6.21e-06	5.105e+16	-9.76e+21	1.319e+07	1.978	-1.26e+05
  6.22e-06	5.096e+16	-9.741e+21	1.32e+07	1.976	-1.26e+05
  6.23e-06	5.086e+16	-9.722e+21	1.322e+07	1.975	-1.26e+05
  6.24e-06	5.076e+16	-9.704e+21	1.324e+07	1.974	-1.26e+05
  6.25e-06	5.067e+16	-9.685e+21	1.325e+07	1.973	-1.26e+05
  6.26e-06	5.057e+16	-9.667e+21	1.327e+07	1.971	-1.26e+05
  6.27e-06	5.047e+16	-9.648e+21	1.329e+07	1.97	-1.26e+05
  6.28e-06	5.038e+16	-9.63e+21	1.33e+07	1.969	-1.26e+05
  6.29e-06	5.028e+16	-9.612e+21	1.332e+07	1.967	-1.26e+05
   6.3e-06	5.018e+16	-9.593e+21	1.334e+07	1.966	-1.26e+05
  6.31e-06	5.009e+16	-9.575e+21	1.335e+07	1.965	-1.26e+05
  6.32e-06	4.999e+16	-9.557e+21	1.337e+07	1.964	-1.26e+05
  6.33e-06	4.99e+16	-9.538e+21	1.339e+07	1.962	-1.26e+05
  6.34e-06	4.98e+16	-9.52e+21	1.341e+07	1.961	-1.26e+05
  6.35e-06	4.971e+16	-9.502e+21	1.342e+07	1.96	-1.26e+05
  6.36e-06	4.961e+16	-9.484e+21	1.344e+07	1.959	-1.26e+05
  6.37e-06	4.952e+16	-9.466e+21	1.346e+07	1.957	-1.26e+05
  6.38e-06	4.942e+16	-9.448e+21	1.347e+07	1.956	-1.26e+05
  6.39e-06	4.933e+16	-9.43e+21	1.349e+07	1.955	-1.26e+05
   6.4e-06	4.923e+16	-9.412e+21	1.351e+07	1.954	-1.26e+05
  6.41e-06	4.914e+16	-9.394e+21	1.352e+07	1.952	-1.26e+05
  6.42e-06	4.905e+16	-9.376e+21	1.354e+07	1.951	-1.26e+05
  6.43e-06	4.895e+16	-9.358e+21	1.356e+07	1.95	-1.26e+05
  6.44e-06	4.886e+16	-9.34e+21	1.358e+07	1.949	-1.26e+05
  6.45e-06	4.876e+16	-9.322e+21	1.359e+07	1.947	-1.26e+05
  6.46e-06	4.867e+16	-9.304e+21	1.361e+07	1.946	-1.26e+05
  6.47e-06	4.858e+16	-9.286e+21	1.363e+07	1.945	-1.26e+05
  6.48e-06	4.849e+16	-9.269e+21	1.364e+07	1.944	-1.26e+05
  6.49e-06	4.839e+16	-9.251e+21	1.366e+07	1.942	-1.26e+05
   6.5e-06	4.83e+16	-9.233e+21	1.368e+07	1.941	-1.26e+05
  6.51e-06	4.821e+16	-9.216e+21	1.37e+07	1.94	-1.26e+05
  6.52e-06	4.812e+16	-9.198e+21	1.371e+07	1.938	-1.26e+05
  6.53e-06	4.802e+16	-9.181e+21	1.373e+07	1.937	-1.26e+05
  6.54e-06	4.793e+16	-9.163e+21	1.375e+07	1.936	-1.26e+05
  6.55e-06	4.784e+16	-9.145e+21	1.376e+07	1.935	-1.26e+05
  6.56e-06	4.775e+16	-9.128e+21	1.378e+07	1.933	-1.26e+05
  6.57e-06	4.766e+16	-9.111e+21	1.38e+07	1.932	-1.26e+05
  6.58e-06	4.757e+16	-9.093e+21	1.382e+07	1.931	-1.26e+05
  6.59e-06	4.748e+16	-9.076e+21	1.383e+07	1.93	-1.26e+05
   6.6e-06	4.739e+16	-9.058e+21	1.385e+07	1.928	-1.26e+05
  6.61e-06	4.73e+16	-9.041e+21	1.387e+07	1.927	-1.26e+05
  6.62e-06	4.721e+16	-9.024e+21	1.389e+07	1.926	-1.26e+05
  6.63e-06	4.712e+16	-9.007e+21	1.39e+07	1.925	-1.26e+05
  6.64e-06	4.703e+16	-8.989e+21	1.392e+07	1.923	-1.26e+05
  6.65e-06	4.694e+16	-8.972e+21	1.394e+07	1.922	-1.26e+05
  6.66e-06	4.685e+16	-8.955e+21	1.396e+07	1.921	-1.26e+05
  6.67e-06	4.676e+16	-8.938e+21	1.397e+07	1.92	-1.26e+05
  6.68e-06	4.667e+16	-8.921e+21	1.399e+07	1.918	-1.26e+05
  6.69e-06	4.658e+16	-8.904e+21	1.401e+07	1.917	-1.26e+05
   6.7e-06	4.649e+16	-8.887e+21	1.403e+07	1.916	-1.26e+05
  6.71e-06	4.64e+16	-8.87e+21	1.405e+07	1.915	-1.26e+05
  6.72e-06	4.631e+16	-8.853e+21	1.406e+07	1.913	-1.26e+05
  6.73e-06	4.622e+16	-8.836e+21	1.408e+07	1.912	-1.26e+05
  6.74e-06	4.613e+16	-8.819e+21	1.41e+07	1.911	-1.26e+05
  6.75e-06	4.605e+16	-8.802e+21	1.412e+07	1.91	-1.26e+05
  6.76e-06	4.596e+16	-8.786e+21	1.413e+07	1.908	-1.26e+05
  6.77e-06	4.587e+16	-8.769e+21	1.415e+07	1.907	-1.26e+05
  6.78e-06	4.578e+16	-8.752e+21	1.417e+07	1.906	-1.26e+05
  6.79e-06	4.57e+16	-8.735e+21	1.419e+07	1.904	-1.26e+05
   6.8e-06	4.561e+16	-8.719e+21	1.421e+07	1.903	-1.26e+05
  6.81e-06	4.552e+16	-8.702e+21	1.422e+07	1.902	-1.26e+05
  6.82e-06	4.543e+16	-8.685e+21	1.424e+07	1.901	-1.26e+05
  6.83e-06	4.535e+16	-8.669e+21	1.426e+07	1.899	-1.26e+05
  6.84e-06	4.526e+16	-8.652e+21	1.428e+07	1.898	-1.26e+05
  6.85e-06	4.517e+16	-8.636e+21	1.43e+07	1.897	-1.26e+05
  6.86e-06	4.509e+16	-8.619e+21	1.431e+07	1.896	-1.26e+05
  6.87e-06	4.5e+16	-8.603e+21	1.433e+07	1.894	-1.26e+05
  6.88e-06	4.492e+16	-8.586e+21	1.435e+07	1.893	-1.26e+05
  6.89e-06	4.483e+16	-8.57e+21	1.437e+07	1.892	-1.26e+05
   6.9e-06	4.475e+16	-8.554e+21	1.439e+07	1.891	-1.26e+05
  6.91e-06	4.466e+16	-8.537e+21	1.44e+07	1.889	-1.26e+05
  6.92e-06	4.457e+16	-8.521e+21	1.442e+07	1.888	-1.26e+05
  6.93e-06	4.449e+16	-8.505e+21	1.444e+07	1.887	-1.26e+05
  6.94e-06	4.44e+16	-8.488e+21	1.446e+07	1.886	-1.26e+05
  6.95e-06	4.432e+16	-8.472e+21	1.448e+07	1.884	-1.26e+05
  6.96e-06	4.423e+16	-8.456e+21	1.449e+07	1.883	-1.26e+05
  6.97e-06	4.415e+16	-8.44e+21	1.451e+07	1.882	-1.26e+05
  6.98e-06	4.407e+16	-8.424e+21	1.453e+07	1.881	-1.26e+05
  6.99e-06	4.398e+16	-8.408e+21	1.455e+07	1.879	-1.26e+05
     7e-06	4.39e+16	-8.392e+21	1.457e+07	1.878	-1.26e+05
  7.01e-06	4.381e+16	-8.376e+21	1.459e+07	1.877	-1.26e+05
  7.02e-06	4.373e+16	-8.36e+21	1.46e+07	1.875	-1.26e+05
  7.03e-06	4.365e+16	-8.344e+21	1.462e+07	1.874	-1.26e+05
  7.04e-06	4.356e+16	-8.328e+21	1.464e+07	1.873	-1.26e+05
  7.05e-06	4.348e+16	-8.312e+21	1.466e+07	1.872	-1.26e+05
  7.06e-06	4.34e+16	-8.296e+21	1.468e+07	1.87	-1.26e+05
  7.07e-06	4.331e+16	-8.28e+21	1.47e+07	1.869	-1.26e+05
  7.08e-06	4.323e+16	-8.264e+21	1.472e+07	1.868	-1.26e+05
  7.09e-06	4.315e+16	-8.249e+21	1.473e+07	1.867	-1.26e+05
   7.1e-06	4.307e+16	-8.233e+21	1.475e+07	1.865	-1.26e+05
  7.11e-06	4.298e+16	-8.217e+21	1.477e+07	1.864	-1.26e+05
  7.12e-06	4.29e+16	-8.201e+21	1.479e+07	1.863	-1.26e+05
  7.13e-06	4.282e+16	-8.186e+21	1.481e+07	1.862	-1.26e+05
  7.14e-06	4.274e+16	-8.17e+21	1.483e+07	1.86	-1.26e+05
  7.15e-06	4.266e+16	-8.154e+21	1.485e+07	1.859	-1.26e+05
  7.16e-06	4.258e+16	-8.139e+21	1.486e+07	1.858	-1.26e+05
  7.17e-06	4.249e+16	-8.123e+21	1.488e+07	1.857	-1.26e+05
  7.18e-06	4.241e+16	-8.108e+21	1.49e+07	1.855	-1.26e+05
  7.19e-06	4.233e+16	-8.092e+21	1.492e+07	1.854	-1.26e+05
   7.2e-06	4.225e+16	-8.077e+21	1.494e+07	1.853	-1.26e+05
  7.21e-06	4.217e+16	-8.061e+21	1.496e+07	1.852	-1.26e+05
  7.22e-06	4.209e+16	-8.046e+21	1.498e+07	1.85	-1.26e+05
  7.23e-06	4.201e+16	-8.031e+21	1.5e+07	1.849	-1.26e+05
  7.24e-06	4.193e+16	-8.015e+21	1.502e+07	1.848	-1.26e+05
  7.25e-06	4.185e+16	-8e+21	1.503e+07	1.847	-1.26e+05
  7.26e-06	4.177e+16	-7.985e+21	1.505e+07	1.845	-1.26e+05
  7.27e-06	4.169e+16	-7.97e+21	1.507e+07	1.844	-1.26e+05
  7.28e-06	4.161e+16	-7.954e+21	1.509e+07	1.843	-1.26e+05
  7.29e-06	4.153e+16	-7.939e+21	1.511e+07	1.841	-1.26e+05
   7.3e-06	4.145e+16	-7.924e+21	1.513e+07	1.84	-1.26e+05
  7.31e-06	4.137e+16	-7.909e+21	1.515e+07	1.839	-1.26e+05
  7.32e-06	4.129e+16	-7.894e+21	1.517e+07	1.838	-1.26e+05
  7.33e-06	4.121e+16	-7.879e+21	1.519e+07	1.836	-1.26e+05
  7.34e-06	4.114e+16	-7.864e+21	1.521e+07	1.835	-1.26e+05
  7.35e-06	4.106e+16	-7.849e+21	1.522e+07	1.834	-1.26e+05
  7.36e-06	4.098e+16	-7.834e+21	1.524e+07	1.833	-1.26e+05
  7.37e-06	4.09e+16	-7.819e+21	1.526e+07	1.831	-1.26e+05
  7.38e-06	4.082e+16	-7.804e+21	1.528e+07	1.83	-1.26e+05
  7.39e-06	4.074e+16	-7.789e+21	1.53e+07	1.829	-1.26e+05
   7.4e-06	4.067e+16	-7.774e+21	1.532e+07	1.828	-1.26e+05
  7.41e-06	4.059e+16	-7.759e+21	1.534e+07	1.826	-1.26e+05
  7.42e-06	4.051e+16	-7.744e+21	1.536e+07	1.825	-1.26e+05
  7.43e-06	4.043e+16	-7.73e+21	1.538e+07	1.824	-1.26e+05
  7.44e-06	4.036e+16	-7.715e+21	1.54e+07	1.823	-1.26e+05
  7.45e-06	4.028e+16	-7.7e+21	1.542e+07	1.821	-1.26e+05
  7.46e-06	4.02e+16	-7.685e+21	1.544e+07	1.82	-1.26e+05
  7.47e-06	4.013e+16	-7.671e+21	1.546e+07	1.819	-1.26e+05
  7.48e-06	4.005e+16	-7.656e+21	1.548e+07	1.818	-1.26e+05
  7.49e-06	3.997e+16	-7.642e+21	1.55e+07	1.816	-1.26e+05
   7.5e-06	3.99e+16	-7.627e+21	1.552e+07	1.815	-1.26e+05
  7.51e-06	3.982e+16	-7.612e+21	1.553e+07	1.814	-1.26e+05
  7.52e-06	3.974e+16	-7.598e+21	1.555e+07	1.812	-1.26e+05
  7.53e-06	3.967e+16	-7.583e+21	1.557e+07	1.811	-1.26e+05
  7.54e-06	3.959e+16	-7.569e+21	1.559e+07	1.81	-1.26e+05
  7.55e-06	3.952e+16	-7.554e+21	1.561e+07	1.809	-1.26e+05
  7.56e-06	3.944e+16	-7.54e+21	1.563e+07	1.807	-1.26e+05
  7.57e-06	3.937e+16	-7.526e+21	1.565e+07	1.806	-1.26e+05
  7.58e-06	3.929e+16	-7.511e+21	1.567e+07	1.805	-1.26e+05
  7.59e-06	3.922e+16	-7.497e+21	1.569e+07	1.804	-1.26e+05
   7.6e-06	3.914e+16	-7.483e+21	1.571e+07	1.802	-1.26e+05
  7.61e-06	3.907e+16	-7.468e+21	1.573e+07	1.801	-1.26e+05
  7.62e-06	3.899e+16	-7.454e+21	1.575e+07	1.8	-1.26e+05
  7.63e-06	3.892e+16	-7.44e+21	1.577e+07	1.799	-1.26e+05
  7.64e-06	3.884e+16	-7.426e+21	1.579e+07	1.797	-1.26e+05
  7.65e-06	3.877e+16	-7.412e+21	1.581e+07	1.796	-1.26e+05
  7.66e-06	3.869e+16	-7.398e+21	1.583e+07	1.795	-1.26e+05
  7.67e-06	3.862e+16	-7.383e+21	1.585e+07	1.794	-1.26e+05
  7.68e-06	3.855e+16	-7.369e+21	1.587e+07	1.792	-1.26e+05
  7.69e-06	3.847e+16	-7.355e+21	1.589e+07	1.791	-1.26e+05
   7.7e-06	3.84e+16	-7.341e+21	1.591e+07	1.79	-1.26e+05
  7.71e-06	3.833e+16	-7.327e+21	1.593e+07	1.789	-1.26e+05
  7.72e-06	3.825e+16	-7.313e+21	1.595e+07	1.787	-1.26e+05
  7.73e-06	3.818e+16	-7.3e+21	1.597e+07	1.786	-1.26e+05
  7.74e-06	3.811e+16	-7.286e+21	1.599e+07	1.785	-1.26e+05
  7.75e-06	3.803e+16	-7.272e+21	1.601e+07	1.784	-1.26e+05
  7.76e-06	3.796e+16	-7.258e+21	1.603e+07	1.782	-1.26e+05
  7.77e-06	3.789e+16	-7.244e+21	1.605e+07	1.781	-1.26e+05
  7.78e-06	3.782e+16	-7.23e+21	1.607e+07	1.78	-1.26e+05
  7.79e-06	3.774e+16	-7.217e+21	1.609e+07	1.778	-1.26e+05
   7.8e-06	3.767e+16	-7.203e+21	1.611e+07	1.777	-1.26e+05
  7.81e-06	3.76e+16	-7.189e+21	1.613e+07	1.776	-1.26e+05
  7.82e-06	3.753e+16	-7.176e+21	1.615e+07	1.775	-1.26e+05
  7.83e-06	3.746e+16	-7.162e+21	1.617e+07	1.773	-1.26e+05
  7.84e-06	3.739e+16	-7.148e+21	1.619e+07	1.772	-1.26e+05
  7.85e-06	3.731e+16	-7.135e+21	1.621e+07	1.771	-1.26e+05
  7.86e-06	3.724e+16	-7.121e+21	1.624e+07	1.77	-1.26e+05
  7.87e-06	3.717e+16	-7.108e+21	1.626e+07	1.768	-1.26e+05
  7.88e-06	3.71e+16	-7.094e+21	1.628e+07	1.767	-1.26e+05
  7.89e-06	3.703e+16	-7.081e+21	1.63e+07	1.766	-1.26e+05
   7.9e-06	3.696e+16	-7.067e+21	1.632e+07	1.765	-1.26e+05
  7.91e-06	3.689e+16	-7.054e+21	1.634e+07	1.763	-1.26e+05
  7.92e-06	3.682e+16	-7.041e+21	1.636e+07	1.762	-1.26e+05
  7.93e-06	3.675e+16	-7.027e+21	1.638e+07	1.761	-1.26e+05
  7.94e-06	3.668e+16	-7.014e+21	1.64e+07	1.76	-1.26e+05
  7.95e-06	3.661e+16	-7.001e+21	1.642e+07	1.758	-1.26e+05
  7.96e-06	3.654e+16	-6.988e+21	1.644e+07	1.757	-1.26e+05
  7.97e-06	3.647e+16	-6.975e+21	1.646e+07	1.756	-1.26e+05
  7.98e-06	3.64e+16	-6.961e+21	1.648e+07	1.755	-1.26e+05
  7.99e-06	3.633e+16	-6.948e+21	1.65e+07	1.753	-1.26e+05
     8e-06	3.626e+16	-6.935e+21	1.652e+07	1.752	-1.26e+05
  8.01e-06	3.619e+16	-6.922e+21	1.654e+07	1.751	-1.26e+05
  8.02e-06	3.612e+16	-6.909e+21	1.657e+07	1.749	-1.26e+05
  8.03e-06	3.605e+16	-6.896e+21	1.659e+07	1.748	-1.26e+05
  8.04e-06	3.598e+16	-6.883e+21	1.661e+07	1.747	-1.26e+05
  8.05e-06	3.591e+16	-6.87e+21	1.663e+07	1.746	-1.26e+05
  8.06e-06	3.585e+16	-6.857e+21	1.665e+07	1.744	-1.26e+05
  8.07e-06	3.578e+16	-6.845e+21	1.667e+07	1.743	-1.26e+05
  8.08e-06	3.571e+16	-6.832e+21	1.669e+07	1.742	-1.26e+05
  8.09e-06	3.564e+16	-6.819e+21	1.671e+07	1.741	-1.26e+05
   8.1e-06	3.557e+16	-6.806e+21	1.673e+07	1.739	-1.26e+05
  8.11e-06	3.55e+16	-6.794e+21	1.675e+07	1.738	-1.26e+05
  8.12e-06	3.544e+16	-6.781e+21	1.678e+07	1.737	-1.26e+05
  8.13e-06	3.537e+16	-6.769e+21	1.68e+07	1.736	-1.26e+05
  8.14e-06	3.53e+16	-6.756e+21	1.682e+07	1.734	-1.26e+05
  8.15e-06	3.523e+16	-6.744e+21	1.684e+07	1.733	-1.26e+05
  8.16e-06	3.517e+16	-6.731e+21	1.686e+07	1.732	-1.26e+05
  8.17e-06	3.51e+16	-6.719e+21	1.688e+07	1.731	-1.26e+05
  8.18e-06	3.503e+16	-6.707e+21	1.69e+07	1.729	-1.26e+05
  8.19e-06	3.496e+16	-6.694e+21	1.692e+07	1.728	-1.26e+05
   8.2e-06	3.49e+16	-6.682e+21	1.695e+07	1.727	-1.26e+05
  8.21e-06	3.483e+16	-6.67e+21	1.697e+07	1.726	-1.26e+05
  8.22e-06	3.476e+16	-6.658e+21	1.699e+07	1.724	-1.26e+05
  8.23e-06	3.47e+16	-6.646e+21	1.701e+07	1.723	-1.26e+05
  8.24e-06	3.463e+16	-6.634e+21	1.703e+07	1.722	-1.26e+05
  8.25e-06	3.456e+16	-6.622e+21	1.705e+07	1.721	-1.26e+05
  8.26e-06	3.45e+16	-6.61e+21	1.707e+07	1.719	-1.26e+05
  8.27e-06	3.443e+16	-6.598e+21	1.71e+07	1.718	-1.26e+05
  8.28e-06	3.437e+16	-6.586e+21	1.712e+07	1.717	-1.26e+05
  8.29e-06	3.43e+16	-6.575e+21	1.714e+07	1.715	-1.26e+05
   8.3e-06	3.424e+16	-6.563e+21	1.716e+07	1.714	-1.26e+05
  8.31e-06	3.417e+16	-6.551e+21	1.718e+07	1.713	-1.26e+05
  8.32e-06	3.41e+16	-6.54e+21	1.72e+07	1.712	-1.26e+05
  8.33e-06	3.404e+16	-6.528e+21	1.723e+07	1.71	-1.26e+05
  8.34e-06	3.397e+16	-6.517e+21	1.725e+07	1.709	-1.26e+05
  8.35e-06	3.391e+16	-6.506e+21	1.727e+07	1.708	-1.26e+05
  8.36e-06	3.384e+16	-6.495e+21	1.729e+07	1.707	-1.26e+05
  8.37e-06	3.378e+16	-6.484e+21	1.731e+07	1.705	-1.26e+05
  8.38e-06	3.371e+16	-6.473e+21	1.733e+07	1.704	-1.26e+05
  8.39e-06	3.365e+16	-6.462e+21	1.736e+07	1.703	-1.26e+05
   8.4e-06	3.358e+16	-6.451e+21	1.738e+07	1.702	-1.26e+05
  8.41e-06	3.352e+16	-6.441e+21	1.74e+07	1.7	-1.26e+05
  8.42e-06	3.346e+16	-6.43e+21	1.742e+07	1.699	-1.26e+05
  8.43e-06	3.339e+16	-6.42e+21	1.744e+07	1.698	-1.26e+05
  8.44e-06	3.333e+16	-6.409e+21	1.747e+07	1.697	-1.26e+05
  8.45e-06	3.326e+16	-6.399e+21	1.749e+07	1.695	-1.26e+05
  8.46e-06	3.32e+16	-6.389e+21	1.751e+07	1.694	-1.26e+05
  8.47e-06	3.314e+16	-6.379e+21	1.753e+07	1.693	-1.26e+05
  8.48e-06	3.307e+16	-6.369e+21	1.755e+07	1.692	-1.26e+05
  8.49e-06	3.301e+16	-6.36e+21	1.758e+07	1.69	-1.26e+05
   8.5e-06	3.294e+16	-6.35e+21	1.76e+07	1.689	-1.26e+05
  8.51e-06	3.288e+16	-6.341e+21	1.762e+07	1.688	-1.26e+05
  8.52e-06	3.282e+16	-6.332e+21	1.764e+07	1.686	-1.26e+05
  8.53e-06	3.275e+16	-6.323e+21	1.767e+07	1.685	-1.26e+05
  8.54e-06	3.269e+16	-6.314e+21	1.769e+07	1.684	-1.26e+05
  8.55e-06	3.263e+16	-6.305e+21	1.771e+07	1.683	-1.26e+05
  8.56e-06	3.257e+16	-6.297e+21	1.773e+07	1.681	-1.26e+05
  8.57e-06	3.25e+16	-6.289e+21	1.775e+07	1.68	-1.26e+05
  8.58e-06	3.244e+16	-6.281e+21	1.778e+07	1.679	-1.26e+05
  8.59e-06	3.238e+16	-6.273e+21	1.78e+07	1.678	-1.26e+05
   8.6e-06	3.231e+16	-6.266e+21	1.782e+07	1.676	-1.26e+05
  8.61e-06	3.225e+16	-6.258e+21	1.784e+07	1.675	-1.26e+05
  8.62e-06	3.219e+16	-6.251e+21	1.787e+07	1.674	-1.26e+05
  8.63e-06	3.213e+16	-6.245e+21	1.789e+07	1.673	-1.26e+05
  8.64e-06	3.206e+16	-6.238e+21	1.791e+07	1.671	-1.26e+05
  8.65e-06	3.2e+16	-6.232e+21	1.793e+07	1.67	-1.26e+05
  8.66e-06	3.194e+16	-6.227e+21	1.796e+07	1.669	-1.26e+05
  8.67e-06	3.188e+16	-6.221e+21	1.798e+07	1.668	-1.26e+05
  8.68e-06	3.182e+16	-6.216e+21	1.8e+07	1.666	-1.26e+05
  8.69e-06	3.175e+16	-6.212e+21	1.802e+07	1.665	-1.26e+05
   8.7e-06	3.169e+16	-6.207e+21	1.805e+07	1.664	-1.26e+05
  8.71e-06	3.163e+16	-6.203e+21	1.807e+07	1.663	-1.26e+05
  8.72e-06	3.157e+16	-6.2e+21	1.809e+07	1.661	-1.26e+05
  8.73e-06	3.15e+16	-6.197e+21	1.812e+07	1.66	-1.26e+05
  8.74e-06	3.144e+16	-6.195e+21	1.814e+07	1.659	-1.26e+05
  8.75e-06	3.138e+16	-6.193e+21	1.816e+07	1.658	-1.26e+05
  8.76e-06	3.132e+16	-6.191e+21	1.818e+07	1.656	-1.26e+05
  8.77e-06	3.126e+16	-6.19e+21	1.821e+07	1.655	-1.26e+05
  8.78e-06	3.12e+16	-6.19e+21	1.823e+07	1.654	-1.26e+05
  8.79e-06	3.113e+16	-6.19e+21	1.825e+07	1.652	-1.26e+05
   8.8e-06	3.107e+16	-6.191e+21	1.828e+07	1.651	-1.26e+05
  8.81e-06	3.101e+16	-6.193e+21	1.83e+07	1.65	-1.26e+05
  8.82e-06	3.095e+16	-6.196e+21	1.832e+07	1.649	-1.26e+05
  8.83e-06	3.089e+16	-6.199e+21	1.835e+07	1.647	-1.26e+05
  8.84e-06	3.082e+16	-6.203e+21	1.837e+07	1.646	-1.26e+05
  8.85e-06	3.076e+16	-6.208e+21	1.839e+07	1.645	-1.26e+05
  8.86e-06	3.07e+16	-6.213e+21	1.842e+07	1.644	-1.26e+05
  8.87e-06	3.064e+16	-6.22e+21	1.844e+07	1.642	-1.26e+05
  8.88e-06	3.057e+16	-6.227e+21	1.846e+07	1.641	-1.26e+05
  8.89e-06	3.051e+16	-6.236e+21	1.848e+07	1.64	-1.26e+05
   8.9e-06	3.045e+16	-6.246e+21	1.851e+07	1.639	-1.26e+05
  8.91e-06	3.039e+16	-6.257e+21	1.853e+07	1.637	-1.26e+05
  8.92e-06	3.033e+16	-6.269e+21	1.856e+07	1.636	-1.26e+05
  8.93e-06	3.026e+16	-6.282e+21	1.858e+07	1.635	-1.26e+05
  8.94e-06	3.02e+16	-6.297e+21	1.86e+07	1.634	-1.26e+05
  8.95e-06	3.014e+16	-6.313e+21	1.863e+07	1.632	-1.26e+05
  8.96e-06	3.007e+16	-6.33e+21	1.865e+07	1.631	-1.26e+05
  8.97e-06	3.001e+16	-6.35e+21	1.867e+07	1.63	-1.26e+05
  8.98e-06	2.995e+16	-6.37e+21	1.87e+07	1.629	-1.26e+05
  8.99e-06	2.988e+16	-6.393e+21	1.872e+07	1.627	-1.26e+05
     9e-06	2.982e+16	-6.417e+21	1.874e+07	1.626	-1.26e+05
  9.01e-06	2.975e+16	-6.443e+21	1.877e+07	1.625	-1.26e+05
  9.02e-06	2.969e+16	-6.472e+21	1.879e+07	1.623	-1.26e+05
  9.03e-06	2.962e+16	-6.502e+21	1.881e+07	1.622	-1.26e+05
  9.04e-06	2.956e+16	-6.535e+21	1.884e+07	1.621	-1.26e+05
  9.05e-06	2.949e+16	-6.57e+21	1.886e+07	1.62	-1.26e+05
  9.06e-06	2.943e+16	-6.607e+21	1.889e+07	1.618	-1.26e+05
  9.07e-06	2.936e+16	-6.647e+21	1.891e+07	1.617	-1.26e+05
  9.08e-06	2.93e+16	-6.69e+21	1.893e+07	1.616	-1.26e+05
  9.09e-06	2.923e+16	-6.736e+21	1.896e+07	1.615	-1.26e+05
   9.1e-06	2.916e+16	-6.784e+21	1.898e+07	1.613	-1.26e+05
  9.11e-06	2.909e+16	-6.836e+21	1.9e+07	1.612	-1.26e+05
  9.12e-06	2.902e+16	-6.892e+21	1.903e+07	1.611	-1.26e+05
  9.13e-06	2.895e+16	-6.951e+21	1.905e+07	1.61	-1.26e+05
  9.14e-06	2.888e+16	-7.013e+21	1.908e+07	1.608	-1.26e+05
  9.15e-06	2.881e+16	-7.08e+21	1.91e+07	1.607	-1.26e+05
  9.16e-06	2.874e+16	-7.151e+21	1.912e+07	1.606	-1.26e+05
  9.17e-06	2.867e+16	-7.226e+21	1.915e+07	1.605	-1.26e+05
  9.18e-06	2.86e+16	-7.306e+21	1.917e+07	1.603	-1.26e+05
  9.19e-06	2.853e+16	-7.39e+21	1.92e+07	1.602	-1.26e+05
   9.2e-06	2.845e+16	-7.48e+21	1.922e+07	1.601	-1.26e+05
  9.21e-06	2.838e+16	-7.576e+21	1.925e+07	1.6	-1.26e+05
  9.22e-06	2.83e+16	-7.677e+21	1.927e+07	1.598	-1.26e+05
  9.23e-06	2.822e+16	-7.784e+21	1.929e+07	1.597	-1.26e+05
  9.24e-06	2.814e+16	-7.897e+21	1.932e+07	1.596	-1.26e+05
  9.25e-06	2.806e+16	-8.017e+21	1.934e+07	1.595	-1.26e+05
  9.26e-06	2.798e+16	-8.144e+21	1.937e+07	1.593	-1.26e+05
  9.27e-06	2.79e+16	-8.278e+21	1.939e+07	1.592	-1.26e+05
  9.28e-06	2.782e+16	-8.421e+21	1.942e+07	1.591	-1.26e+05
  9.29e-06	2.773e+16	-8.571e+21	1.944e+07	1.589	-1.26e+05
   9.3e-06	2.765e+16	-8.73e+21	1.947e+07	1.588	-1.26e+05
  9.31e-06	2.756e+16	-8.898e+21	1.949e+07	1.587	-1.26e+05
  9.32e-06	2.747e+16	-9.076e+21	1.951e+07	1.586	-1.26e+05
  9.33e-06	2.738e+16	-9.264e+21	1.954e+07	1.584	-1.26e+05
  9.34e-06	2.728e+16	-9.463e+21	1.956e+07	1.583	-1.26e+05
  9.35e-06	2.719e+16	-9.673e+21	1.959e+07	1.582	-1.26e+05
  9.36e-06	2.709e+16	-9.894e+21	1.961e+07	1.581	-1.26e+05
  9.37e-06	2.699e+16	-1.013e+22	1.964e+07	1.579	-1.26e+05
  9.38e-06	2.689e+16	-1.038e+22	1.966e+07	1.578	-1.26e+05
  9.39e-06	2.678e+16	-1.064e+22	1.969e+07	1.577	-1.26e+05
   9.4e-06	2.667e+16	-1.091e+22	1.971e+07	1.576	-1.26e+05
  9.41e-06	2.656e+16	-1.12e+22	1.974e+07	1.574	-1.26e+05
  9.42e-06	2.645e+16	-1.151e+22	1.976e+07	1.573	-1.26e+05
  9.43e-06	2.633e+16	-1.184e+22	1.979e+07	1.572	-1.26e+05
  9.44e-06	2.621e+16	-1.218e+22	1.981e+07	1.571	-1.26e+05
  9.45e-06	2.609e+16	-1.254e+22	1.984e+07	1.569	-1.26e+05
  9.46e-06	2.596e+16	-1.292e+22	1.986e+07	1.568	-1.26e+05
  9.47e-06	2.583e+16	-1.332e+22	1.989e+07	1.567	-1.26e+05
  9.48e-06	2.57e+16	-1.375e+22	1.991e+07	1.566	-1.26e+05
  9.49e-06	2.556e+16	-1.42e+22	1.994e+07	1.564	-1.26e+05
   9.5e-06	2.541e+16	-1.467e+22	1.996e+07	1.563	-1.26e+05
  9.51e-06	2.526e+16	-1.517e+22	1.999e+07	1.562	-1.26e+05
  9.52e-06	2.511e+16	-1.569e+22	2.001e+07	1.56	-1.26e+05
  9.53e-06	2.495e+16	-1.625e+22	2.004e+07	1.559	-1.26e+05
  9.54e-06	2.478e+16	-1.683e+22	2.006e+07	1.558	-1.26e+05
  9.55e-06	2.461e+16	-1.745e+22	2.009e+07	1.557	-1.26e+05
  9.56e-06	2.444e+16	-1.81e+22	2.011e+07	1.555	-1.26e+05
  9.57e-06	2.425e+16	-1.879e+22	2.014e+07	1.554	-1.26e+05
  9.58e-06	2.406e+16	-1.951e+22	2.016e+07	1.553	-1.26e+05
  9.59e-06	2.386e+16	-2.027e+22	2.019e+07	1.552	-1.26e+05
   9.6e-06	2.365e+16	-2.108e+22	2.021e+07	1.55	-1.26e+05
  9.61e-06	2.344e+16	-2.192e+22	2.024e+07	1.549	-1.26e+05
  9.62e-06	2.322e+16	-2.282e+22	2.027e+07	1.548	-1.26e+05
  9.63e-06	2.298e+16	-2.376e+22	2.029e+07	1.547	-1.26e+05
  9.64e-06	2.274e+16	-2.476e+22	2.032e+07	1.545	-1.26e+05
  9.65e-06	2.249e+16	-2.58e+22	2.034e+07	1.544	-1.26e+05
  9.66e-06	2.222e+16	-2.691e+22	2.037e+07	1.543	-1.26e+05
  9.67e-06	2.195e+16	-2.807e+22	2.039e+07	1.542	-1.26e+05
  9.68e-06	2.166e+16	-2.93e+22	2.042e+07	1.54	-1.26e+05
  9.69e-06	2.136e+16	-3.059e+22	2.045e+07	1.539	-1.26e+05
   9.7e-06	2.105e+16	-3.196e+22	2.047e+07	1.538	-1.26e+05
  9.71e-06	2.072e+16	-3.34e+22	2.05e+07	1.537	-1.26e+05
  9.72e-06	2.038e+16	-3.491e+22	2.052e+07	1.535	-1.26e+05
  9.73e-06	2.003e+16	-3.651e+22	2.055e+07	1.534	-1.26e+05
  9.74e-06	1.965e+16	-3.819e+22	2.057e+07	1.533	-1.26e+05
  9.75e-06	1.926e+16	-3.997e+22	2.06e+07	1.532	-1.26e+05
  9.76e-06	1.885e+16	-4.184e+22	2.063e+07	1.53	-1.26e+05
  9.77e-06	1.843e+16	-4.381e+22	2.065e+07	1.529	-1.26e+05
  9.78e-06	1.798e+16	-4.589e+22	2.068e+07	1.528	-1.26e+05
  9.79e-06	1.751e+16	-4.808e+22	2.07e+07	1.526	-1.26e+05
   9.8e-06	1.702e+16	-5.039e+22	2.073e+07	1.525	-1.26e+05
  9.81e-06	1.65e+16	-5.283e+22	2.076e+07	1.524	-1.26e+05
  9.82e-06	1.596e+16	-5.539e+22	2.078e+07	1.523	-1.26e+05
  9.83e-06	1.539e+16	-5.809e+22	2.081e+07	1.521	-1.26e+05
  9.84e-06	1.48e+16	-6.094e+22	2.084e+07	1.52	-1.26e+05
  9.85e-06	1.417e+16	-6.394e+22	2.086e+07	1.519	-1.26e+05
  9.86e-06	1.352e+16	-6.711e+22	2.089e+07	1.518	-1.26e+05
  9.87e-06	1.283e+16	-7.044e+22	2.091e+07	1.516	-1.26e+05
  9.88e-06	1.211e+16	-7.396e+22	2.094e+07	1.515	-1.26e+05
  9.89e-06	1.135e+16	-7.766e+22	2.097e+07	1.514	-1.26e+05
   9.9e-06	1.056e+16	-8.156e+22	2.099e+07	1.513	-1.26e+05
  9.91e-06	9.72e+15	-8.568e+22	2.102e+07	1.511	-1.26e+05
  9.92e-06	8.842e+15	-9.001e+22	2.105e+07	1.51	-1.26e+05
  9.93e-06	7.92e+15	-9.458e+22	2.107e+07	1.509	-1.26e+05
  9.94e-06	6.951e+15	-9.939e+22	2.11e+07	1.508	-1.26e+05
  9.95e-06	5.932e+15	-1.045e+23	2.113e+07	1.506	-1.26e+05
  9.96e-06	4.862e+15	-1.098e+23	2.115e+07	1.505	-1.26e+05
  9.97e-06	3.736e+15	-1.154e+23	2.118e+07	1.504	-1.26e+05
  9.98e-06	2.553e+15	-1.214e+23	2.121e+07	1.503	-1.26e+05
  9.99e-06	1.308e+15	-1.276e+23	2.123e+07	1.501	-1.26e+05
     1e-05	0	0	2.126e+07	1.5	-1.26e+05
