  x  	  Conduction level  	  Valence level

     2e-06	2	0
 2.001e-06	2	-0.0004573
 2.002e-06	1.999	-0.0009172
 2.004e-06	1.999	-0.00138
 2.005e-06	1.998	-0.001845
 2.006e-06	1.998	-0.002312
 2.007e-06	1.997	-0.002783
 2.008e-06	1.997	-0.003256
  2.01e-06	1.996	-0.003731
 2.011e-06	1.996	-0.004209
 2.012e-06	1.995	-0.00469
 2.013e-06	1.995	-0.005173
 2.014e-06	1.994	-0.005659
 2.016e-06	1.994	-0.006147
 2.017e-06	1.993	-0.006638
 2.018e-06	1.993	-0.007132
 2.019e-06	1.992	-0.007628
  2.02e-06	1.992	-0.008127
 2.022e-06	1.991	-0.008629
 2.023e-06	1.991	-0.009133
 2.024e-06	1.99	-0.009639
 2.025e-06	1.99	-0.01015
 2.026e-06	1.989	-0.01066
 2.028e-06	1.989	-0.01117
 2.029e-06	1.988	-0.01169
  2.03e-06	1.987	-0.01221
 2.031e-06	1.987	-0.01273
 2.032e-06	1.986	-0.01326
 2.034e-06	1.986	-0.01379
 2.035e-06	1.985	-0.01432
 2.036e-06	1.985	-0.01485
 2.037e-06	1.984	-0.01538
 2.038e-06	1.983	-0.01592
  2.04e-06	1.983	-0.01646
 2.041e-06	1.982	-0.017
 2.042e-06	1.982	-0.01755
 2.043e-06	1.981	-0.0181
 2.044e-06	1.981	-0.01865
 2.046e-06	1.98	-0.0192
 2.047e-06	1.979	-0.01976
 2.048e-06	1.979	-0.02032
 2.049e-06	1.978	-0.02088
  2.05e-06	1.977	-0.02144
 2.052e-06	1.977	-0.02201
 2.053e-06	1.976	-0.02258
 2.054e-06	1.976	-0.02315
 2.055e-06	1.975	-0.02372
 2.056e-06	1.974	-0.0243
 2.058e-06	1.974	-0.02488
 2.059e-06	1.973	-0.02546
  2.06e-06	1.972	-0.02605
 2.061e-06	1.972	-0.02663
 2.062e-06	1.971	-0.02722
 2.064e-06	1.97	-0.02782
 2.065e-06	1.97	-0.02841
 2.066e-06	1.969	-0.02901
 2.067e-06	1.969	-0.02961
 2.068e-06	1.968	-0.03021
  2.07e-06	1.967	-0.03082
 2.071e-06	1.966	-0.03142
 2.072e-06	1.966	-0.03203
 2.073e-06	1.965	-0.03265
 2.074e-06	1.964	-0.03326
 2.076e-06	1.964	-0.03388
 2.077e-06	1.963	-0.0345
 2.078e-06	1.962	-0.03513
 2.079e-06	1.962	-0.03575
  2.08e-06	1.961	-0.03638
 2.082e-06	1.96	-0.03701
 2.083e-06	1.959	-0.03765
 2.084e-06	1.959	-0.03828
 2.085e-06	1.958	-0.03892
 2.086e-06	1.957	-0.03956
 2.088e-06	1.957	-0.04021
 2.089e-06	1.956	-0.04085
  2.09e-06	1.955	-0.0415
 2.091e-06	1.954	-0.04216
 2.092e-06	1.954	-0.04281
 2.094e-06	1.953	-0.04347
 2.095e-06	1.952	-0.04413
 2.096e-06	1.951	-0.04479
 2.097e-06	1.951	-0.04545
 2.098e-06	1.95	-0.04612
   2.1e-06	1.949	-0.04679
 2.101e-06	1.948	-0.04747
 2.102e-06	1.948	-0.04814
 2.103e-06	1.947	-0.04882
 2.104e-06	1.946	-0.0495
 2.106e-06	1.945	-0.05018
 2.107e-06	1.944	-0.05087
 2.108e-06	1.944	-0.05156
 2.109e-06	1.943	-0.05225
  2.11e-06	1.942	-0.05294
 2.112e-06	1.941	-0.05364
 2.113e-06	1.94	-0.05434
 2.114e-06	1.94	-0.05504
 2.115e-06	1.939	-0.05574
 2.116e-06	1.938	-0.05645
 2.118e-06	1.937	-0.05716
 2.119e-06	1.936	-0.05787
  2.12e-06	1.935	-0.05858
 2.121e-06	1.935	-0.0593
 2.122e-06	1.934	-0.06002
 2.124e-06	1.933	-0.06074
 2.125e-06	1.932	-0.06147
 2.126e-06	1.931	-0.06219
 2.127e-06	1.93	-0.06292
 2.128e-06	1.929	-0.06366
  2.13e-06	1.929	-0.06439
 2.131e-06	1.928	-0.06513
 2.132e-06	1.927	-0.06587
 2.133e-06	1.926	-0.06661
 2.134e-06	1.925	-0.06736
 2.136e-06	1.924	-0.06811
 2.137e-06	1.923	-0.06886
 2.138e-06	1.922	-0.06961
 2.139e-06	1.922	-0.07037
  2.14e-06	1.921	-0.07113
 2.142e-06	1.92	-0.07189
 2.143e-06	1.919	-0.07265
 2.144e-06	1.918	-0.07342
 2.145e-06	1.917	-0.07419
 2.146e-06	1.916	-0.07496
 2.148e-06	1.915	-0.07573
 2.149e-06	1.914	-0.07651
  2.15e-06	1.913	-0.07729
 2.151e-06	1.912	-0.07807
 2.152e-06	1.911	-0.07885
 2.154e-06	1.911	-0.07964
 2.155e-06	1.91	-0.08043
 2.156e-06	1.909	-0.08122
 2.157e-06	1.908	-0.08202
 2.158e-06	1.907	-0.08282
  2.16e-06	1.906	-0.08362
 2.161e-06	1.905	-0.08442
 2.162e-06	1.904	-0.08522
 2.163e-06	1.903	-0.08603
 2.164e-06	1.902	-0.08684
 2.166e-06	1.901	-0.08765
 2.167e-06	1.9	-0.08847
 2.168e-06	1.899	-0.08929
 2.169e-06	1.898	-0.09011
  2.17e-06	1.897	-0.09093
 2.172e-06	1.896	-0.09176
 2.173e-06	1.895	-0.09259
 2.174e-06	1.894	-0.09342
 2.175e-06	1.893	-0.09425
 2.176e-06	1.892	-0.09509
 2.178e-06	1.891	-0.09593
 2.179e-06	1.89	-0.09677
  2.18e-06	1.889	-0.09761
 2.181e-06	1.888	-0.09846
 2.182e-06	1.887	-0.09931
 2.184e-06	1.886	-0.1002
 2.185e-06	1.885	-0.101
 2.186e-06	1.884	-0.1019
 2.187e-06	1.883	-0.1027
 2.188e-06	1.882	-0.1036
  2.19e-06	1.881	-0.1045
 2.191e-06	1.88	-0.1053
 2.192e-06	1.878	-0.1062
 2.193e-06	1.877	-0.1071
 2.194e-06	1.876	-0.1079
 2.196e-06	1.875	-0.1088
 2.197e-06	1.874	-0.1097
 2.198e-06	1.873	-0.1106
 2.199e-06	1.872	-0.1115
   2.2e-06	1.871	-0.1124
 2.202e-06	1.87	-0.1133
 2.203e-06	1.869	-0.1141
 2.204e-06	1.868	-0.115
 2.205e-06	1.867	-0.1159
 2.206e-06	1.865	-0.1168
 2.208e-06	1.864	-0.1177
 2.209e-06	1.863	-0.1187
  2.21e-06	1.862	-0.1196
 2.211e-06	1.861	-0.1205
 2.212e-06	1.86	-0.1214
 2.214e-06	1.859	-0.1223
 2.215e-06	1.858	-0.1232
 2.216e-06	1.856	-0.1241
 2.217e-06	1.855	-0.1251
 2.218e-06	1.854	-0.126
  2.22e-06	1.853	-0.1269
 2.221e-06	1.852	-0.1279
 2.222e-06	1.851	-0.1288
 2.223e-06	1.85	-0.1297
 2.224e-06	1.848	-0.1307
 2.226e-06	1.847	-0.1316
 2.227e-06	1.846	-0.1326
 2.228e-06	1.845	-0.1335
 2.229e-06	1.844	-0.1345
  2.23e-06	1.842	-0.1354
 2.232e-06	1.841	-0.1364
 2.233e-06	1.84	-0.1373
 2.234e-06	1.839	-0.1383
 2.235e-06	1.838	-0.1393
 2.236e-06	1.836	-0.1402
 2.238e-06	1.835	-0.1412
 2.239e-06	1.834	-0.1422
  2.24e-06	1.833	-0.1431
 2.241e-06	1.832	-0.1441
 2.242e-06	1.83	-0.1451
 2.244e-06	1.829	-0.1461
 2.245e-06	1.828	-0.1471
 2.246e-06	1.827	-0.148
 2.247e-06	1.826	-0.149
 2.248e-06	1.824	-0.15
  2.25e-06	1.823	-0.151
 2.251e-06	1.822	-0.152
 2.252e-06	1.821	-0.153
 2.253e-06	1.819	-0.154
 2.254e-06	1.818	-0.155
 2.256e-06	1.817	-0.156
 2.257e-06	1.815	-0.157
 2.258e-06	1.814	-0.1581
 2.259e-06	1.813	-0.1591
  2.26e-06	1.812	-0.1601
 2.262e-06	1.81	-0.1611
 2.263e-06	1.809	-0.1621
 2.264e-06	1.808	-0.1632
 2.265e-06	1.807	-0.1642
 2.266e-06	1.805	-0.1652
 2.268e-06	1.804	-0.1663
 2.269e-06	1.803	-0.1673
  2.27e-06	1.801	-0.1683
 2.271e-06	1.8	-0.1694
 2.272e-06	1.799	-0.1704
 2.274e-06	1.797	-0.1715
 2.275e-06	1.796	-0.1725
 2.276e-06	1.795	-0.1736
 2.277e-06	1.793	-0.1746
 2.278e-06	1.792	-0.1757
  2.28e-06	1.791	-0.1767
 2.281e-06	1.789	-0.1778
 2.282e-06	1.788	-0.1789
 2.283e-06	1.787	-0.1799
 2.284e-06	1.785	-0.181
 2.286e-06	1.784	-0.1821
 2.287e-06	1.783	-0.1831
 2.288e-06	1.781	-0.1842
 2.289e-06	1.78	-0.1853
  2.29e-06	1.778	-0.1864
 2.292e-06	1.777	-0.1875
 2.293e-06	1.776	-0.1886
 2.294e-06	1.774	-0.1897
 2.295e-06	1.773	-0.1907
 2.296e-06	1.772	-0.1918
 2.298e-06	1.77	-0.1929
 2.299e-06	1.769	-0.194
   2.3e-06	1.767	-0.1952
 2.301e-06	1.766	-0.1963
 2.302e-06	1.765	-0.1974
 2.304e-06	1.763	-0.1985
 2.305e-06	1.762	-0.1996
 2.306e-06	1.76	-0.2007
 2.307e-06	1.759	-0.2018
 2.308e-06	1.757	-0.203
  2.31e-06	1.756	-0.2041
 2.311e-06	1.755	-0.2052
 2.312e-06	1.753	-0.2063
 2.313e-06	1.752	-0.2075
 2.314e-06	1.75	-0.2086
 2.316e-06	1.749	-0.2097
 2.317e-06	1.747	-0.2109
 2.318e-06	1.746	-0.212
 2.319e-06	1.744	-0.2132
  2.32e-06	1.743	-0.2143
 2.322e-06	1.741	-0.2155
 2.323e-06	1.74	-0.2166
 2.324e-06	1.738	-0.2178
 2.325e-06	1.737	-0.2189
 2.326e-06	1.736	-0.2201
 2.328e-06	1.734	-0.2213
 2.329e-06	1.733	-0.2224
  2.33e-06	1.731	-0.2236
 2.331e-06	1.73	-0.2248
 2.332e-06	1.728	-0.2259
 2.334e-06	1.727	-0.2271
 2.335e-06	1.725	-0.2283
 2.336e-06	1.723	-0.2295
 2.337e-06	1.722	-0.2307
 2.338e-06	1.72	-0.2318
  2.34e-06	1.719	-0.233
 2.341e-06	1.717	-0.2342
 2.342e-06	1.716	-0.2354
 2.343e-06	1.714	-0.2366
 2.344e-06	1.713	-0.2378
 2.346e-06	1.711	-0.239
 2.347e-06	1.71	-0.2402
 2.348e-06	1.708	-0.2414
 2.349e-06	1.707	-0.2426
  2.35e-06	1.705	-0.2439
 2.352e-06	1.703	-0.2451
 2.353e-06	1.702	-0.2463
 2.354e-06	1.7	-0.2475
 2.355e-06	1.699	-0.2487
 2.356e-06	1.697	-0.25
 2.358e-06	1.696	-0.2512
 2.359e-06	1.694	-0.2524
  2.36e-06	1.692	-0.2537
 2.361e-06	1.691	-0.2549
 2.362e-06	1.689	-0.2561
 2.364e-06	1.688	-0.2574
 2.365e-06	1.686	-0.2586
 2.366e-06	1.684	-0.2599
 2.367e-06	1.683	-0.2611
 2.368e-06	1.681	-0.2624
  2.37e-06	1.679	-0.2636
 2.371e-06	1.678	-0.2649
 2.372e-06	1.676	-0.2661
 2.373e-06	1.675	-0.2674
 2.374e-06	1.673	-0.2687
 2.376e-06	1.671	-0.2699
 2.377e-06	1.67	-0.2712
 2.378e-06	1.668	-0.2725
 2.379e-06	1.666	-0.2737
  2.38e-06	1.665	-0.275
 2.382e-06	1.663	-0.2763
 2.383e-06	1.661	-0.2776
 2.384e-06	1.66	-0.2789
 2.385e-06	1.658	-0.2802
 2.386e-06	1.656	-0.2815
 2.388e-06	1.655	-0.2827
 2.389e-06	1.653	-0.284
  2.39e-06	1.651	-0.2853
 2.391e-06	1.65	-0.2866
 2.392e-06	1.648	-0.2879
 2.394e-06	1.646	-0.2893
 2.395e-06	1.644	-0.2906
 2.396e-06	1.643	-0.2919
 2.397e-06	1.641	-0.2932
 2.398e-06	1.639	-0.2945
   2.4e-06	1.638	-0.2958
 2.401e-06	1.636	-0.2971
 2.402e-06	1.634	-0.2985
 2.403e-06	1.632	-0.2998
 2.404e-06	1.631	-0.3011
 2.406e-06	1.629	-0.3025
 2.407e-06	1.627	-0.3038
 2.408e-06	1.626	-0.3051
 2.409e-06	1.624	-0.3065
  2.41e-06	1.622	-0.3078
 2.412e-06	1.62	-0.3092
 2.413e-06	1.618	-0.3105
 2.414e-06	1.617	-0.3119
 2.415e-06	1.615	-0.3132
 2.416e-06	1.613	-0.3146
 2.418e-06	1.611	-0.3159
 2.419e-06	1.61	-0.3173
  2.42e-06	1.608	-0.3187
 2.421e-06	1.606	-0.32
 2.422e-06	1.604	-0.3214
 2.424e-06	1.602	-0.3228
 2.425e-06	1.601	-0.3241
 2.426e-06	1.599	-0.3255
 2.427e-06	1.597	-0.3269
 2.428e-06	1.595	-0.3283
  2.43e-06	1.593	-0.3297
 2.431e-06	1.592	-0.331
 2.432e-06	1.59	-0.3324
 2.433e-06	1.588	-0.3338
 2.434e-06	1.586	-0.3352
 2.436e-06	1.584	-0.3366
 2.437e-06	1.582	-0.338
 2.438e-06	1.581	-0.3394
 2.439e-06	1.579	-0.3408
  2.44e-06	1.577	-0.3422
 2.442e-06	1.575	-0.3436
 2.443e-06	1.573	-0.3451
 2.444e-06	1.571	-0.3465
 2.445e-06	1.57	-0.3479
 2.446e-06	1.568	-0.3493
 2.448e-06	1.566	-0.3507
 2.449e-06	1.564	-0.3522
  2.45e-06	1.562	-0.3536
 2.451e-06	1.56	-0.355
 2.452e-06	1.558	-0.3565
 2.454e-06	1.556	-0.3579
 2.455e-06	1.554	-0.3593
 2.456e-06	1.553	-0.3608
 2.457e-06	1.551	-0.3622
 2.458e-06	1.549	-0.3637
  2.46e-06	1.547	-0.3651
 2.461e-06	1.545	-0.3666
 2.462e-06	1.543	-0.368
 2.463e-06	1.541	-0.3695
 2.464e-06	1.539	-0.3709
 2.466e-06	1.537	-0.3724
 2.467e-06	1.535	-0.3739
 2.468e-06	1.533	-0.3753
 2.469e-06	1.531	-0.3768
  2.47e-06	1.53	-0.3783
 2.472e-06	1.528	-0.3797
 2.473e-06	1.526	-0.3812
 2.474e-06	1.524	-0.3827
 2.475e-06	1.522	-0.3842
 2.476e-06	1.52	-0.3857
 2.478e-06	1.518	-0.3872
 2.479e-06	1.516	-0.3887
  2.48e-06	1.514	-0.3901
 2.481e-06	1.512	-0.3916
 2.482e-06	1.51	-0.3931
 2.484e-06	1.508	-0.3946
 2.485e-06	1.506	-0.3961
 2.486e-06	1.504	-0.3977
 2.487e-06	1.502	-0.3992
 2.488e-06	1.5	-0.4007
  2.49e-06	1.498	-0.4022
 2.491e-06	1.496	-0.4037
 2.492e-06	1.494	-0.4052
 2.493e-06	1.492	-0.4067
 2.494e-06	1.49	-0.4083
 2.496e-06	1.488	-0.4098
 2.497e-06	1.486	-0.4113
 2.498e-06	1.484	-0.4129
 2.499e-06	1.482	-0.4144
   2.5e-06	1.48	-0.4159
 2.502e-06	1.478	-0.4175
 2.503e-06	1.476	-0.419
 2.504e-06	1.474	-0.4206
 2.505e-06	1.472	-0.4221
 2.506e-06	1.469	-0.4237
 2.508e-06	1.467	-0.4252
 2.509e-06	1.465	-0.4268
  2.51e-06	1.463	-0.4283
 2.511e-06	1.461	-0.4299
 2.512e-06	1.459	-0.4314
 2.514e-06	1.457	-0.433
 2.515e-06	1.455	-0.4346
 2.516e-06	1.453	-0.4362
 2.517e-06	1.451	-0.4377
 2.518e-06	1.449	-0.4393
  2.52e-06	1.447	-0.4409
 2.521e-06	1.445	-0.4425
 2.522e-06	1.442	-0.444
 2.523e-06	1.44	-0.4456
 2.524e-06	1.438	-0.4472
 2.526e-06	1.436	-0.4488
 2.527e-06	1.434	-0.4504
 2.528e-06	1.432	-0.452
 2.529e-06	1.43	-0.4536
  2.53e-06	1.428	-0.4552
 2.532e-06	1.425	-0.4568
 2.533e-06	1.423	-0.4584
 2.534e-06	1.421	-0.46
 2.535e-06	1.419	-0.4616
 2.536e-06	1.417	-0.4633
 2.538e-06	1.415	-0.4649
 2.539e-06	1.413	-0.4665
  2.54e-06	1.41	-0.4681
 2.541e-06	1.408	-0.4698
 2.542e-06	1.406	-0.4714
 2.544e-06	1.404	-0.473
 2.545e-06	1.402	-0.4746
 2.546e-06	1.4	-0.4763
 2.547e-06	1.397	-0.4779
 2.548e-06	1.395	-0.4796
  2.55e-06	1.393	-0.4812
 2.551e-06	1.391	-0.4829
 2.552e-06	1.389	-0.4845
 2.553e-06	1.386	-0.4862
 2.554e-06	1.384	-0.4878
 2.556e-06	1.382	-0.4895
 2.557e-06	1.38	-0.4911
 2.558e-06	1.377	-0.4928
 2.559e-06	1.375	-0.4945
  2.56e-06	1.373	-0.4961
 2.562e-06	1.371	-0.4978
 2.563e-06	1.369	-0.4995
 2.564e-06	1.366	-0.5011
 2.565e-06	1.364	-0.5028
 2.566e-06	1.362	-0.5045
 2.568e-06	1.36	-0.5062
 2.569e-06	1.357	-0.5079
  2.57e-06	1.355	-0.5096
 2.571e-06	1.353	-0.5112
 2.572e-06	1.351	-0.5129
 2.574e-06	1.348	-0.5146
 2.575e-06	1.346	-0.5163
 2.576e-06	1.344	-0.518
 2.577e-06	1.341	-0.5197
 2.578e-06	1.339	-0.5214
  2.58e-06	1.337	-0.5232
 2.581e-06	1.335	-0.5249
 2.582e-06	1.332	-0.5266
 2.583e-06	1.33	-0.5283
 2.584e-06	1.328	-0.53
 2.586e-06	1.325	-0.5317
 2.587e-06	1.323	-0.5335
 2.588e-06	1.321	-0.5352
 2.589e-06	1.318	-0.5369
  2.59e-06	1.316	-0.5386
 2.592e-06	1.314	-0.5404
 2.593e-06	1.311	-0.5421
 2.594e-06	1.309	-0.5439
 2.595e-06	1.307	-0.5456
 2.596e-06	1.304	-0.5473
 2.598e-06	1.302	-0.5491
 2.599e-06	1.3	-0.5508
   2.6e-06	1.297	-0.5526
 2.601e-06	1.295	-0.5544
 2.602e-06	1.293	-0.5561
 2.604e-06	1.29	-0.5579
 2.605e-06	1.288	-0.5596
 2.606e-06	1.286	-0.5614
 2.607e-06	1.283	-0.5632
 2.608e-06	1.281	-0.5649
  2.61e-06	1.278	-0.5667
 2.611e-06	1.276	-0.5685
 2.612e-06	1.274	-0.5703
 2.613e-06	1.271	-0.5721
 2.614e-06	1.269	-0.5738
 2.616e-06	1.266	-0.5756
 2.617e-06	1.264	-0.5774
 2.618e-06	1.262	-0.5792
 2.619e-06	1.259	-0.581
  2.62e-06	1.257	-0.5828
 2.622e-06	1.254	-0.5846
 2.623e-06	1.252	-0.5864
 2.624e-06	1.25	-0.5882
 2.625e-06	1.247	-0.59
 2.626e-06	1.245	-0.5918
 2.628e-06	1.242	-0.5936
 2.629e-06	1.24	-0.5955
  2.63e-06	1.237	-0.5973
 2.631e-06	1.235	-0.5991
 2.632e-06	1.232	-0.6009
 2.634e-06	1.23	-0.6027
 2.635e-06	1.228	-0.6046
 2.636e-06	1.225	-0.6064
 2.637e-06	1.223	-0.6082
 2.638e-06	1.22	-0.6101
  2.64e-06	1.218	-0.6119
 2.641e-06	1.215	-0.6138
 2.642e-06	1.213	-0.6156
 2.643e-06	1.21	-0.6174
 2.644e-06	1.208	-0.6193
 2.646e-06	1.205	-0.6211
 2.647e-06	1.203	-0.623
 2.648e-06	1.2	-0.6249
 2.649e-06	1.198	-0.6267
  2.65e-06	1.195	-0.6286
 2.652e-06	1.193	-0.6304
 2.653e-06	1.19	-0.6323
 2.654e-06	1.188	-0.6342
 2.655e-06	1.185	-0.636
 2.656e-06	1.183	-0.6379
 2.658e-06	1.18	-0.6398
 2.659e-06	1.177	-0.6417
  2.66e-06	1.175	-0.6436
 2.661e-06	1.172	-0.6455
 2.662e-06	1.17	-0.6473
 2.664e-06	1.167	-0.6492
 2.665e-06	1.165	-0.6511
 2.666e-06	1.162	-0.653
 2.667e-06	1.16	-0.6549
 2.668e-06	1.157	-0.6568
  2.67e-06	1.154	-0.6587
 2.671e-06	1.152	-0.6606
 2.672e-06	1.149	-0.6625
 2.673e-06	1.147	-0.6644
 2.674e-06	1.144	-0.6664
 2.676e-06	1.142	-0.6683
 2.677e-06	1.139	-0.6702
 2.678e-06	1.136	-0.6721
 2.679e-06	1.134	-0.674
  2.68e-06	1.131	-0.676
 2.682e-06	1.129	-0.6779
 2.683e-06	1.126	-0.6798
 2.684e-06	1.123	-0.6818
 2.685e-06	1.121	-0.6837
 2.686e-06	1.118	-0.6856
 2.688e-06	1.115	-0.6876
 2.689e-06	1.113	-0.6895
  2.69e-06	1.11	-0.6915
 2.691e-06	1.108	-0.6934
 2.692e-06	1.105	-0.6954
 2.694e-06	1.102	-0.6973
 2.695e-06	1.1	-0.6993
 2.696e-06	1.097	-0.7013
 2.697e-06	1.094	-0.7032
 2.698e-06	1.092	-0.7052
   2.7e-06	1.089	-0.7072
 2.701e-06	1.086	-0.7091
 2.702e-06	1.084	-0.7111
 2.703e-06	1.081	-0.7131
 2.704e-06	1.078	-0.7151
 2.706e-06	1.076	-0.717
 2.707e-06	1.073	-0.719
 2.708e-06	1.07	-0.721
 2.709e-06	1.067	-0.723
  2.71e-06	1.065	-0.725
 2.712e-06	1.062	-0.727
 2.713e-06	1.059	-0.729
 2.714e-06	1.057	-0.731
 2.715e-06	1.054	-0.733
 2.716e-06	1.051	-0.735
 2.718e-06	1.048	-0.737
 2.719e-06	1.046	-0.739
  2.72e-06	1.043	-0.741
 2.721e-06	1.04	-0.743
 2.722e-06	1.038	-0.7451
 2.724e-06	1.035	-0.7471
 2.725e-06	1.032	-0.7491
 2.726e-06	1.029	-0.7511
 2.727e-06	1.027	-0.7532
 2.728e-06	1.024	-0.7552
  2.73e-06	1.021	-0.7572
 2.731e-06	1.018	-0.7593
 2.732e-06	1.015	-0.7613
 2.733e-06	1.013	-0.7633
 2.734e-06	1.01	-0.7654
 2.736e-06	1.007	-0.7674
 2.737e-06	1.004	-0.7695
 2.738e-06	1.002	-0.7715
 2.739e-06	0.9987	-0.7736
  2.74e-06	0.9959	-0.7756
 2.742e-06	0.9931	-0.7777
 2.743e-06	0.9903	-0.7798
 2.744e-06	0.9875	-0.7818
 2.745e-06	0.9847	-0.7839
 2.746e-06	0.9819	-0.786
 2.748e-06	0.9791	-0.788
 2.749e-06	0.9763	-0.7901
  2.75e-06	0.9734	-0.7922
 2.751e-06	0.9706	-0.7943
 2.752e-06	0.9678	-0.7964
 2.754e-06	0.9649	-0.7984
 2.755e-06	0.9621	-0.8005
 2.756e-06	0.9592	-0.8026
 2.757e-06	0.9564	-0.8047
 2.758e-06	0.9535	-0.8068
  2.76e-06	0.9507	-0.8089
 2.761e-06	0.9478	-0.811
 2.762e-06	0.945	-0.8131
 2.763e-06	0.9421	-0.8152
 2.764e-06	0.9392	-0.8173
 2.766e-06	0.9363	-0.8194
 2.767e-06	0.9335	-0.8215
 2.768e-06	0.9306	-0.8237
 2.769e-06	0.9277	-0.8258
  2.77e-06	0.9248	-0.8279
 2.772e-06	0.9219	-0.83
 2.773e-06	0.919	-0.8322
 2.774e-06	0.9161	-0.8343
 2.775e-06	0.9132	-0.8364
 2.776e-06	0.9103	-0.8386
 2.778e-06	0.9074	-0.8407
 2.779e-06	0.9044	-0.8428
  2.78e-06	0.9015	-0.845
 2.781e-06	0.8986	-0.8471
 2.782e-06	0.8957	-0.8493
 2.784e-06	0.8927	-0.8514
 2.785e-06	0.8898	-0.8536
 2.786e-06	0.8869	-0.8557
 2.787e-06	0.8839	-0.8579
 2.788e-06	0.881	-0.86
  2.79e-06	0.878	-0.8622
 2.791e-06	0.8751	-0.8644
 2.792e-06	0.8721	-0.8665
 2.793e-06	0.8691	-0.8687
 2.794e-06	0.8662	-0.8709
 2.796e-06	0.8632	-0.8731
 2.797e-06	0.8602	-0.8752
 2.798e-06	0.8572	-0.8774
 2.799e-06	0.8543	-0.8796
   2.8e-06	0.8513	-0.8818
 2.802e-06	0.8483	-0.884
 2.803e-06	0.8453	-0.8862
 2.804e-06	0.8423	-0.8884
 2.805e-06	0.8393	-0.8906
 2.806e-06	0.8363	-0.8928
 2.808e-06	0.8333	-0.895
 2.809e-06	0.8303	-0.8972
  2.81e-06	0.8272	-0.8994
 2.811e-06	0.8242	-0.9016
 2.812e-06	0.8212	-0.9038
 2.814e-06	0.8182	-0.906
 2.815e-06	0.8151	-0.9082
 2.816e-06	0.8121	-0.9105
 2.817e-06	0.8091	-0.9127
 2.818e-06	0.806	-0.9149
  2.82e-06	0.803	-0.9171
 2.821e-06	0.7999	-0.9194
 2.822e-06	0.7969	-0.9216
 2.823e-06	0.7938	-0.9238
 2.824e-06	0.7907	-0.9261
 2.826e-06	0.7877	-0.9283
 2.827e-06	0.7846	-0.9306
 2.828e-06	0.7815	-0.9328
 2.829e-06	0.7785	-0.9351
  2.83e-06	0.7754	-0.9373
 2.832e-06	0.7723	-0.9396
 2.833e-06	0.7692	-0.9418
 2.834e-06	0.7661	-0.9441
 2.835e-06	0.763	-0.9463
 2.836e-06	0.7599	-0.9486
 2.838e-06	0.7568	-0.9509
 2.839e-06	0.7537	-0.9531
  2.84e-06	0.7506	-0.9554
 2.841e-06	0.7475	-0.9577
 2.842e-06	0.7443	-0.96
 2.844e-06	0.7412	-0.9622
 2.845e-06	0.7381	-0.9645
 2.846e-06	0.735	-0.9668
 2.847e-06	0.7318	-0.9691
 2.848e-06	0.7287	-0.9714
  2.85e-06	0.7256	-0.9737
 2.851e-06	0.7224	-0.976
 2.852e-06	0.7193	-0.9783
 2.853e-06	0.7161	-0.9806
 2.854e-06	0.7129	-0.9829
 2.856e-06	0.7098	-0.9852
 2.857e-06	0.7066	-0.9875
 2.858e-06	0.7035	-0.9898
 2.859e-06	0.7003	-0.9921
  2.86e-06	0.6971	-0.9944
 2.862e-06	0.6939	-0.9968
 2.863e-06	0.6907	-0.9991
 2.864e-06	0.6875	-1.001
 2.865e-06	0.6844	-1.004
 2.866e-06	0.6812	-1.006
 2.868e-06	0.678	-1.008
 2.869e-06	0.6748	-1.011
  2.87e-06	0.6716	-1.013
 2.871e-06	0.6683	-1.015
 2.872e-06	0.6651	-1.018
 2.874e-06	0.6619	-1.02
 2.875e-06	0.6587	-1.022
 2.876e-06	0.6555	-1.025
 2.877e-06	0.6522	-1.027
 2.878e-06	0.649	-1.03
  2.88e-06	0.6458	-1.032
 2.881e-06	0.6425	-1.034
 2.882e-06	0.6393	-1.037
 2.883e-06	0.636	-1.039
 2.884e-06	0.6328	-1.041
 2.886e-06	0.6295	-1.044
 2.887e-06	0.6263	-1.046
 2.888e-06	0.623	-1.048
 2.889e-06	0.6197	-1.051
  2.89e-06	0.6165	-1.053
 2.892e-06	0.6132	-1.056
 2.893e-06	0.6099	-1.058
 2.894e-06	0.6066	-1.06
 2.895e-06	0.6033	-1.063
 2.896e-06	0.6	-1.065
 2.898e-06	0.5967	-1.068
 2.899e-06	0.5935	-1.07
   2.9e-06	0.5901	-1.072
 2.901e-06	0.5868	-1.075
 2.902e-06	0.5835	-1.077
 2.904e-06	0.5802	-1.08
 2.905e-06	0.5769	-1.082
 2.906e-06	0.5736	-1.084
 2.907e-06	0.5703	-1.087
 2.908e-06	0.5669	-1.089
  2.91e-06	0.5636	-1.092
 2.911e-06	0.5603	-1.094
 2.912e-06	0.5569	-1.097
 2.913e-06	0.5536	-1.099
 2.914e-06	0.5502	-1.101
 2.916e-06	0.5469	-1.104
 2.917e-06	0.5435	-1.106
 2.918e-06	0.5402	-1.109
 2.919e-06	0.5368	-1.111
  2.92e-06	0.5334	-1.114
 2.922e-06	0.5301	-1.116
 2.923e-06	0.5267	-1.118
 2.924e-06	0.5233	-1.121
 2.925e-06	0.5199	-1.123
 2.926e-06	0.5166	-1.126
 2.928e-06	0.5132	-1.128
 2.929e-06	0.5098	-1.131
  2.93e-06	0.5064	-1.133
 2.931e-06	0.503	-1.136
 2.932e-06	0.4996	-1.138
 2.934e-06	0.4962	-1.141
 2.935e-06	0.4927	-1.143
 2.936e-06	0.4893	-1.146
 2.937e-06	0.4859	-1.148
 2.938e-06	0.4825	-1.151
  2.94e-06	0.4791	-1.153
 2.941e-06	0.4756	-1.156
 2.942e-06	0.4722	-1.158
 2.943e-06	0.4688	-1.161
 2.944e-06	0.4653	-1.163
 2.946e-06	0.4619	-1.166
 2.947e-06	0.4584	-1.168
 2.948e-06	0.455	-1.171
 2.949e-06	0.4515	-1.173
  2.95e-06	0.4481	-1.176
 2.952e-06	0.4446	-1.178
 2.953e-06	0.4411	-1.181
 2.954e-06	0.4376	-1.183
 2.955e-06	0.4342	-1.186
 2.956e-06	0.4307	-1.188
 2.958e-06	0.4272	-1.191
 2.959e-06	0.4237	-1.193
  2.96e-06	0.4202	-1.196
 2.961e-06	0.4167	-1.198
 2.962e-06	0.4132	-1.201
 2.964e-06	0.4097	-1.203
 2.965e-06	0.4062	-1.206
 2.966e-06	0.4027	-1.208
 2.967e-06	0.3992	-1.211
 2.968e-06	0.3957	-1.214
  2.97e-06	0.3922	-1.216
 2.971e-06	0.3886	-1.219
 2.972e-06	0.3851	-1.221
 2.973e-06	0.3816	-1.224
 2.974e-06	0.378	-1.226
 2.976e-06	0.3745	-1.229
 2.977e-06	0.3709	-1.231
 2.978e-06	0.3674	-1.234
 2.979e-06	0.3638	-1.237
  2.98e-06	0.3603	-1.239
 2.982e-06	0.3567	-1.242
 2.983e-06	0.3532	-1.244
 2.984e-06	0.3496	-1.247
 2.985e-06	0.346	-1.25
 2.986e-06	0.3424	-1.252
 2.988e-06	0.3389	-1.255
 2.989e-06	0.3353	-1.257
  2.99e-06	0.3317	-1.26
 2.991e-06	0.3281	-1.263
 2.992e-06	0.3245	-1.265
 2.994e-06	0.3209	-1.268
 2.995e-06	0.3173	-1.27
 2.996e-06	0.3137	-1.273
 2.997e-06	0.3101	-1.276
 2.998e-06	0.3065	-1.278
     3e-06	0.3029	-1.281
 3.001e-06	0.2993	-1.283
 3.002e-06	0.2957	-1.286
 3.003e-06	0.2921	-1.289
 3.004e-06	0.2885	-1.291
 3.006e-06	0.285	-1.294
 3.007e-06	0.2815	-1.296
 3.008e-06	0.278	-1.299
 3.009e-06	0.2746	-1.301
  3.01e-06	0.2711	-1.304
 3.012e-06	0.2677	-1.306
 3.013e-06	0.2643	-1.309
 3.014e-06	0.2609	-1.311
 3.015e-06	0.2576	-1.314
 3.016e-06	0.2542	-1.316
 3.018e-06	0.2509	-1.318
 3.019e-06	0.2476	-1.321
  3.02e-06	0.2443	-1.323
 3.021e-06	0.2411	-1.326
 3.022e-06	0.2379	-1.328
 3.024e-06	0.2347	-1.33
 3.025e-06	0.2315	-1.332
 3.026e-06	0.2283	-1.335
 3.027e-06	0.2252	-1.337
 3.028e-06	0.2221	-1.339
  3.03e-06	0.219	-1.342
 3.031e-06	0.2159	-1.344
 3.032e-06	0.2129	-1.346
 3.033e-06	0.2098	-1.348
 3.034e-06	0.2068	-1.35
 3.036e-06	0.2038	-1.352
 3.037e-06	0.2009	-1.355
 3.038e-06	0.1979	-1.357
 3.039e-06	0.195	-1.359
  3.04e-06	0.1921	-1.361
 3.042e-06	0.1892	-1.363
 3.043e-06	0.1864	-1.365
 3.044e-06	0.1835	-1.367
 3.045e-06	0.1807	-1.369
 3.046e-06	0.1779	-1.371
 3.048e-06	0.1752	-1.373
 3.049e-06	0.1724	-1.375
  3.05e-06	0.1697	-1.377
 3.051e-06	0.167	-1.379
 3.052e-06	0.1643	-1.381
 3.054e-06	0.1616	-1.383
 3.055e-06	0.159	-1.385
 3.056e-06	0.1564	-1.387
 3.057e-06	0.1538	-1.389
 3.058e-06	0.1512	-1.391
  3.06e-06	0.1487	-1.392
 3.061e-06	0.1461	-1.394
 3.062e-06	0.1436	-1.396
 3.063e-06	0.1411	-1.398
 3.064e-06	0.1387	-1.4
 3.066e-06	0.1362	-1.401
 3.067e-06	0.1338	-1.403
 3.068e-06	0.1314	-1.405
 3.069e-06	0.129	-1.407
  3.07e-06	0.1267	-1.408
 3.072e-06	0.1243	-1.41
 3.073e-06	0.122	-1.412
 3.074e-06	0.1197	-1.413
 3.075e-06	0.1175	-1.415
 3.076e-06	0.1152	-1.417
 3.078e-06	0.113	-1.418
 3.079e-06	0.1108	-1.42
  3.08e-06	0.1086	-1.421
 3.081e-06	0.1064	-1.423
 3.082e-06	0.1043	-1.425
 3.084e-06	0.1022	-1.426
 3.085e-06	0.1001	-1.428
 3.086e-06	0.09801	-1.429
 3.087e-06	0.09596	-1.431
 3.088e-06	0.09393	-1.432
  3.09e-06	0.09192	-1.433
 3.091e-06	0.08993	-1.435
 3.092e-06	0.08797	-1.436
 3.093e-06	0.08602	-1.438
 3.094e-06	0.0841	-1.439
 3.096e-06	0.0822	-1.441
 3.097e-06	0.08032	-1.442
 3.098e-06	0.07846	-1.443
 3.099e-06	0.07663	-1.445
   3.1e-06	0.07481	-1.446
 3.102e-06	0.07302	-1.447
 3.103e-06	0.07125	-1.448
 3.104e-06	0.0695	-1.45
 3.105e-06	0.06778	-1.451
 3.106e-06	0.06607	-1.452
 3.108e-06	0.06439	-1.453
 3.109e-06	0.06273	-1.455
  3.11e-06	0.06109	-1.456
 3.111e-06	0.05947	-1.457
 3.112e-06	0.05787	-1.458
 3.114e-06	0.0563	-1.459
 3.115e-06	0.05475	-1.46
 3.116e-06	0.05321	-1.461
 3.117e-06	0.0517	-1.463
 3.118e-06	0.05022	-1.464
  3.12e-06	0.04875	-1.465
 3.121e-06	0.04731	-1.466
 3.122e-06	0.04588	-1.467
 3.123e-06	0.04448	-1.468
 3.124e-06	0.0431	-1.469
 3.126e-06	0.04175	-1.47
 3.127e-06	0.04041	-1.471
 3.128e-06	0.0391	-1.472
 3.129e-06	0.0378	-1.473
  3.13e-06	0.03653	-1.474
 3.132e-06	0.03528	-1.474
 3.133e-06	0.03406	-1.475
 3.134e-06	0.03285	-1.476
 3.135e-06	0.03167	-1.477
 3.136e-06	0.03051	-1.478
 3.138e-06	0.02937	-1.479
 3.139e-06	0.02825	-1.48
  3.14e-06	0.02715	-1.48
 3.141e-06	0.02607	-1.481
 3.142e-06	0.02502	-1.482
 3.144e-06	0.02399	-1.483
 3.145e-06	0.02298	-1.483
 3.146e-06	0.02199	-1.484
 3.147e-06	0.02102	-1.485
 3.148e-06	0.02008	-1.485
  3.15e-06	0.01916	-1.486
 3.151e-06	0.01826	-1.487
 3.152e-06	0.01738	-1.487
 3.153e-06	0.01652	-1.488
 3.154e-06	0.01568	-1.489
 3.156e-06	0.01487	-1.489
 3.157e-06	0.01407	-1.49
 3.158e-06	0.0133	-1.49
 3.159e-06	0.01255	-1.491
  3.16e-06	0.01183	-1.491
 3.162e-06	0.01112	-1.492
 3.163e-06	0.01044	-1.492
 3.164e-06	0.009774	-1.493
 3.165e-06	0.009133	-1.493
 3.166e-06	0.008514	-1.494
 3.168e-06	0.007917	-1.494
 3.169e-06	0.007341	-1.495
  3.17e-06	0.006787	-1.495
 3.171e-06	0.006255	-1.495
 3.172e-06	0.005745	-1.496
 3.174e-06	0.005256	-1.496
 3.175e-06	0.004789	-1.497
 3.176e-06	0.004344	-1.497
 3.177e-06	0.00392	-1.497
 3.178e-06	0.003519	-1.497
  3.18e-06	0.003139	-1.498
 3.181e-06	0.00278	-1.498
 3.182e-06	0.002443	-1.498
 3.183e-06	0.002129	-1.498
 3.184e-06	0.001835	-1.499
 3.186e-06	0.001564	-1.499
 3.187e-06	0.001314	-1.499
 3.188e-06	0.001086	-1.499
 3.189e-06	0.0008797	-1.499
  3.19e-06	0.000695	-1.499
 3.192e-06	0.0005321	-1.5
 3.193e-06	0.000391	-1.5
 3.194e-06	0.0002715	-1.5
 3.195e-06	0.0001738	-1.5
 3.196e-06	9.774e-05	-1.5
 3.198e-06	4.344e-05	-1.5
 3.199e-06	1.086e-05	-1.5
