  x  	  n(x)  	  dndx(x)  	  Alfa  	  Band gap  	  EQ Field

         0	6.199e+10	0	7.417e+06	2.76	-1.615e+05
   7.8e-09	6.594e+10	4.92e+17	7.427e+06	2.759	-1.615e+05
  1.56e-08	6.966e+10	4.635e+17	7.436e+06	2.757	-1.615e+05
  2.34e-08	7.317e+10	4.365e+17	7.446e+06	2.756	-1.615e+05
  3.12e-08	7.647e+10	4.11e+17	7.455e+06	2.755	-1.615e+05
   3.9e-08	7.958e+10	3.868e+17	7.464e+06	2.754	-1.615e+05
  4.68e-08	8.251e+10	3.64e+17	7.474e+06	2.752	-1.615e+05
  5.46e-08	8.526e+10	3.425e+17	7.483e+06	2.751	-1.615e+05
  6.24e-08	8.785e+10	3.221e+17	7.493e+06	2.75	-1.615e+05
  7.02e-08	9.029e+10	3.029e+17	7.502e+06	2.749	-1.615e+05
   7.8e-08	9.258e+10	2.847e+17	7.511e+06	2.747	-1.615e+05
  8.58e-08	9.473e+10	2.676e+17	7.521e+06	2.746	-1.615e+05
  9.36e-08	9.675e+10	2.513e+17	7.53e+06	2.745	-1.615e+05
 1.014e-07	9.865e+10	2.36e+17	7.54e+06	2.744	-1.615e+05
 1.092e-07	1.004e+11	2.215e+17	7.549e+06	2.742	-1.615e+05
  1.17e-07	1.021e+11	2.079e+17	7.559e+06	2.741	-1.615e+05
 1.248e-07	1.037e+11	1.95e+17	7.568e+06	2.74	-1.615e+05
 1.326e-07	1.051e+11	1.828e+17	7.578e+06	2.739	-1.615e+05
 1.404e-07	1.065e+11	1.713e+17	7.588e+06	2.737	-1.615e+05
 1.482e-07	1.078e+11	1.604e+17	7.597e+06	2.736	-1.615e+05
  1.56e-07	1.09e+11	1.501e+17	7.607e+06	2.735	-1.615e+05
 1.638e-07	1.102e+11	1.405e+17	7.616e+06	2.734	-1.615e+05
 1.716e-07	1.112e+11	1.313e+17	7.626e+06	2.732	-1.615e+05
 1.794e-07	1.122e+11	1.227e+17	7.636e+06	2.731	-1.615e+05
 1.872e-07	1.131e+11	1.145e+17	7.645e+06	2.73	-1.615e+05
  1.95e-07	1.14e+11	1.069e+17	7.655e+06	2.728	-1.615e+05
 2.028e-07	1.148e+11	9.96e+16	7.664e+06	2.727	-1.615e+05
 2.106e-07	1.155e+11	9.276e+16	7.674e+06	2.726	-1.615e+05
 2.184e-07	1.162e+11	8.631e+16	7.684e+06	2.725	-1.615e+05
 2.262e-07	1.169e+11	8.022e+16	7.693e+06	2.723	-1.615e+05
  2.34e-07	1.175e+11	7.448e+16	7.703e+06	2.722	-1.615e+05
 2.418e-07	1.181e+11	6.906e+16	7.713e+06	2.721	-1.615e+05
 2.496e-07	1.186e+11	6.395e+16	7.723e+06	2.72	-1.615e+05
 2.574e-07	1.191e+11	5.913e+16	7.732e+06	2.718	-1.615e+05
 2.652e-07	1.195e+11	5.459e+16	7.742e+06	2.717	-1.615e+05
  2.73e-07	1.199e+11	5.031e+16	7.752e+06	2.716	-1.615e+05
 2.808e-07	1.203e+11	4.627e+16	7.762e+06	2.715	-1.615e+05
 2.886e-07	1.206e+11	4.246e+16	7.771e+06	2.713	-1.615e+05
 2.964e-07	1.209e+11	3.887e+16	7.781e+06	2.712	-1.615e+05
 3.042e-07	1.212e+11	3.549e+16	7.791e+06	2.711	-1.615e+05
  3.12e-07	1.215e+11	3.231e+16	7.801e+06	2.71	-1.615e+05
 3.198e-07	1.217e+11	2.93e+16	7.811e+06	2.708	-1.615e+05
 3.276e-07	1.22e+11	2.647e+16	7.821e+06	2.707	-1.615e+05
 3.354e-07	1.222e+11	2.381e+16	7.83e+06	2.706	-1.615e+05
 3.432e-07	1.223e+11	2.13e+16	7.84e+06	2.705	-1.615e+05
  3.51e-07	1.225e+11	1.893e+16	7.85e+06	2.703	-1.615e+05
 3.588e-07	1.226e+11	1.671e+16	7.86e+06	2.702	-1.615e+05
 3.666e-07	1.227e+11	1.461e+16	7.87e+06	2.701	-1.615e+05
 3.744e-07	1.229e+11	1.264e+16	7.88e+06	2.7	-1.615e+05
 3.822e-07	1.229e+11	1.078e+16	7.89e+06	2.698	-1.615e+05
   3.9e-07	1.23e+11	9.027e+15	7.9e+06	2.697	-1.615e+05
 3.978e-07	1.231e+11	7.38e+15	7.91e+06	2.696	-1.615e+05
 4.056e-07	1.231e+11	5.83e+15	7.92e+06	2.694	-1.615e+05
 4.134e-07	1.232e+11	4.371e+15	7.93e+06	2.693	-1.615e+05
 4.212e-07	1.232e+11	2.999e+15	7.94e+06	2.692	-1.615e+05
  4.29e-07	1.232e+11	1.708e+15	7.95e+06	2.691	-1.615e+05
 4.368e-07	1.232e+11	4.937e+14	7.96e+06	2.689	-1.615e+05
 4.446e-07	1.232e+11	-6.483e+14	7.97e+06	2.688	-1.615e+05
 4.524e-07	1.232e+11	-1.722e+15	7.98e+06	2.687	-1.615e+05
 4.602e-07	1.232e+11	-2.732e+15	7.99e+06	2.686	-1.615e+05
  4.68e-07	1.232e+11	-3.681e+15	8e+06	2.684	-1.615e+05
 4.758e-07	1.231e+11	-4.572e+15	8.01e+06	2.683	-1.615e+05
 4.836e-07	1.231e+11	-5.411e+15	8.02e+06	2.682	-1.615e+05
 4.914e-07	1.231e+11	-6.198e+15	8.03e+06	2.681	-1.615e+05
 4.992e-07	1.23e+11	-6.938e+15	8.04e+06	2.679	-1.615e+05
  5.07e-07	1.23e+11	-7.632e+15	8.05e+06	2.678	-1.615e+05
 5.148e-07	1.229e+11	-8.285e+15	8.061e+06	2.677	-1.615e+05
 5.226e-07	1.228e+11	-8.897e+15	8.071e+06	2.676	-1.615e+05
 5.304e-07	1.228e+11	-9.472e+15	8.081e+06	2.674	-1.615e+05
 5.382e-07	1.227e+11	-1.001e+16	8.091e+06	2.673	-1.615e+05
  5.46e-07	1.226e+11	-1.052e+16	8.101e+06	2.672	-1.615e+05
 5.538e-07	1.225e+11	-1.099e+16	8.112e+06	2.671	-1.615e+05
 5.616e-07	1.224e+11	-1.144e+16	8.122e+06	2.669	-1.615e+05
 5.694e-07	1.223e+11	-1.185e+16	8.132e+06	2.668	-1.615e+05
 5.772e-07	1.222e+11	-1.225e+16	8.142e+06	2.667	-1.615e+05
  5.85e-07	1.221e+11	-1.261e+16	8.153e+06	2.666	-1.615e+05
 5.928e-07	1.22e+11	-1.295e+16	8.163e+06	2.664	-1.615e+05
 6.006e-07	1.219e+11	-1.328e+16	8.173e+06	2.663	-1.615e+05
 6.084e-07	1.218e+11	-1.358e+16	8.183e+06	2.662	-1.615e+05
 6.162e-07	1.217e+11	-1.386e+16	8.194e+06	2.66	-1.615e+05
  6.24e-07	1.216e+11	-1.412e+16	8.204e+06	2.659	-1.615e+05
 6.318e-07	1.215e+11	-1.437e+16	8.214e+06	2.658	-1.615e+05
 6.396e-07	1.214e+11	-1.46e+16	8.225e+06	2.657	-1.615e+05
 6.474e-07	1.213e+11	-1.481e+16	8.235e+06	2.655	-1.615e+05
 6.552e-07	1.212e+11	-1.501e+16	8.246e+06	2.654	-1.615e+05
  6.63e-07	1.21e+11	-1.52e+16	8.256e+06	2.653	-1.615e+05
 6.708e-07	1.209e+11	-1.537e+16	8.266e+06	2.652	-1.615e+05
 6.786e-07	1.208e+11	-1.553e+16	8.277e+06	2.65	-1.615e+05
 6.864e-07	1.207e+11	-1.569e+16	8.287e+06	2.649	-1.615e+05
 6.942e-07	1.206e+11	-1.583e+16	8.298e+06	2.648	-1.615e+05
  7.02e-07	1.204e+11	-1.596e+16	8.308e+06	2.647	-1.615e+05
 7.098e-07	1.203e+11	-1.608e+16	8.319e+06	2.645	-1.615e+05
 7.176e-07	1.202e+11	-1.619e+16	8.329e+06	2.644	-1.615e+05
 7.254e-07	1.201e+11	-1.63e+16	8.34e+06	2.643	-1.615e+05
 7.332e-07	1.199e+11	-1.639e+16	8.35e+06	2.642	-1.615e+05
  7.41e-07	1.198e+11	-1.648e+16	8.361e+06	2.64	-1.615e+05
 7.488e-07	1.197e+11	-1.657e+16	8.371e+06	2.639	-1.615e+05
 7.566e-07	1.195e+11	-1.664e+16	8.382e+06	2.638	-1.615e+05
 7.644e-07	1.194e+11	-1.671e+16	8.392e+06	2.637	-1.615e+05
 7.722e-07	1.193e+11	-1.678e+16	8.403e+06	2.635	-1.615e+05
   7.8e-07	1.192e+11	-1.684e+16	8.413e+06	2.634	-1.615e+05
 7.878e-07	1.19e+11	-1.689e+16	8.424e+06	2.633	-1.615e+05
 7.956e-07	1.189e+11	-1.694e+16	8.435e+06	2.631	-1.615e+05
 8.034e-07	1.188e+11	-1.699e+16	8.445e+06	2.63	-1.615e+05
 8.112e-07	1.186e+11	-1.703e+16	8.456e+06	2.629	-1.615e+05
  8.19e-07	1.185e+11	-1.707e+16	8.467e+06	2.628	-1.615e+05
 8.268e-07	1.184e+11	-1.71e+16	8.477e+06	2.626	-1.615e+05
 8.346e-07	1.182e+11	-1.713e+16	8.488e+06	2.625	-1.615e+05
 8.424e-07	1.181e+11	-1.716e+16	8.499e+06	2.624	-1.615e+05
 8.502e-07	1.18e+11	-1.718e+16	8.509e+06	2.623	-1.615e+05
  8.58e-07	1.178e+11	-1.72e+16	8.52e+06	2.621	-1.615e+05
 8.658e-07	1.177e+11	-1.722e+16	8.531e+06	2.62	-1.615e+05
 8.736e-07	1.176e+11	-1.724e+16	8.542e+06	2.619	-1.615e+05
 8.814e-07	1.174e+11	-1.725e+16	8.552e+06	2.618	-1.615e+05
 8.892e-07	1.173e+11	-1.727e+16	8.563e+06	2.616	-1.615e+05
  8.97e-07	1.172e+11	-1.727e+16	8.574e+06	2.615	-1.615e+05
 9.048e-07	1.17e+11	-1.728e+16	8.585e+06	2.614	-1.615e+05
 9.126e-07	1.169e+11	-1.729e+16	8.596e+06	2.613	-1.615e+05
 9.204e-07	1.167e+11	-1.729e+16	8.606e+06	2.611	-1.615e+05
 9.282e-07	1.166e+11	-1.73e+16	8.617e+06	2.61	-1.615e+05
  9.36e-07	1.165e+11	-1.73e+16	8.628e+06	2.609	-1.615e+05
 9.438e-07	1.163e+11	-1.73e+16	8.639e+06	2.608	-1.615e+05
 9.516e-07	1.162e+11	-1.73e+16	8.65e+06	2.606	-1.615e+05
 9.594e-07	1.161e+11	-1.729e+16	8.661e+06	2.605	-1.615e+05
 9.672e-07	1.159e+11	-1.729e+16	8.672e+06	2.604	-1.615e+05
  9.75e-07	1.158e+11	-1.729e+16	8.683e+06	2.603	-1.615e+05
 9.828e-07	1.157e+11	-1.728e+16	8.694e+06	2.601	-1.615e+05
 9.906e-07	1.155e+11	-1.727e+16	8.705e+06	2.6	-1.615e+05
 9.984e-07	1.154e+11	-1.727e+16	8.716e+06	2.599	-1.615e+05
 1.006e-06	1.153e+11	-1.726e+16	8.727e+06	2.597	-1.615e+05
 1.014e-06	1.151e+11	-1.725e+16	8.738e+06	2.596	-1.615e+05
 1.022e-06	1.15e+11	-1.724e+16	8.749e+06	2.595	-1.615e+05
  1.03e-06	1.149e+11	-1.723e+16	8.76e+06	2.594	-1.615e+05
 1.037e-06	1.147e+11	-1.722e+16	8.771e+06	2.592	-1.615e+05
 1.045e-06	1.146e+11	-1.721e+16	8.782e+06	2.591	-1.615e+05
 1.053e-06	1.145e+11	-1.719e+16	8.793e+06	2.59	-1.615e+05
 1.061e-06	1.143e+11	-1.718e+16	8.804e+06	2.589	-1.615e+05
 1.069e-06	1.142e+11	-1.717e+16	8.815e+06	2.587	-1.615e+05
 1.076e-06	1.141e+11	-1.715e+16	8.826e+06	2.586	-1.615e+05
 1.084e-06	1.139e+11	-1.714e+16	8.837e+06	2.585	-1.615e+05
 1.092e-06	1.138e+11	-1.713e+16	8.848e+06	2.584	-1.615e+05
   1.1e-06	1.137e+11	-1.711e+16	8.86e+06	2.582	-1.615e+05
 1.108e-06	1.135e+11	-1.71e+16	8.871e+06	2.581	-1.615e+05
 1.115e-06	1.134e+11	-1.708e+16	8.882e+06	2.58	-1.615e+05
 1.123e-06	1.133e+11	-1.706e+16	8.893e+06	2.579	-1.615e+05
 1.131e-06	1.131e+11	-1.705e+16	8.904e+06	2.577	-1.615e+05
 1.139e-06	1.13e+11	-1.703e+16	8.916e+06	2.576	-1.615e+05
 1.147e-06	1.129e+11	-1.702e+16	8.927e+06	2.575	-1.615e+05
 1.154e-06	1.127e+11	-1.7e+16	8.938e+06	2.574	-1.615e+05
 1.162e-06	1.126e+11	-1.698e+16	8.949e+06	2.572	-1.615e+05
  1.17e-06	1.125e+11	-1.697e+16	8.961e+06	2.571	-1.615e+05
 1.178e-06	1.123e+11	-1.695e+16	8.972e+06	2.57	-1.615e+05
 1.186e-06	1.122e+11	-1.693e+16	8.983e+06	2.568	-1.615e+05
 1.193e-06	1.121e+11	-1.691e+16	8.995e+06	2.567	-1.615e+05
 1.201e-06	1.119e+11	-1.69e+16	9.006e+06	2.566	-1.615e+05
 1.209e-06	1.118e+11	-1.688e+16	9.017e+06	2.565	-1.615e+05
 1.217e-06	1.117e+11	-1.686e+16	9.029e+06	2.563	-1.615e+05
 1.225e-06	1.115e+11	-1.684e+16	9.04e+06	2.562	-1.615e+05
 1.232e-06	1.114e+11	-1.682e+16	9.051e+06	2.561	-1.615e+05
  1.24e-06	1.113e+11	-1.681e+16	9.063e+06	2.56	-1.615e+05
 1.248e-06	1.111e+11	-1.679e+16	9.074e+06	2.558	-1.615e+05
 1.256e-06	1.11e+11	-1.677e+16	9.086e+06	2.557	-1.615e+05
 1.264e-06	1.109e+11	-1.675e+16	9.097e+06	2.556	-1.615e+05
 1.271e-06	1.107e+11	-1.673e+16	9.109e+06	2.555	-1.615e+05
 1.279e-06	1.106e+11	-1.671e+16	9.12e+06	2.553	-1.615e+05
 1.287e-06	1.105e+11	-1.669e+16	9.132e+06	2.552	-1.615e+05
 1.295e-06	1.104e+11	-1.668e+16	9.143e+06	2.551	-1.615e+05
 1.303e-06	1.102e+11	-1.666e+16	9.155e+06	2.55	-1.615e+05
  1.31e-06	1.101e+11	-1.664e+16	9.166e+06	2.548	-1.615e+05
 1.318e-06	1.1e+11	-1.662e+16	9.178e+06	2.547	-1.615e+05
 1.326e-06	1.098e+11	-1.66e+16	9.189e+06	2.546	-1.615e+05
 1.334e-06	1.097e+11	-1.658e+16	9.201e+06	2.545	-1.615e+05
 1.342e-06	1.096e+11	-1.656e+16	9.212e+06	2.543	-1.615e+05
 1.349e-06	1.095e+11	-1.654e+16	9.224e+06	2.542	-1.615e+05
 1.357e-06	1.093e+11	-1.652e+16	9.236e+06	2.541	-1.615e+05
 1.365e-06	1.092e+11	-1.651e+16	9.247e+06	2.54	-1.615e+05
 1.373e-06	1.091e+11	-1.649e+16	9.259e+06	2.538	-1.615e+05
 1.381e-06	1.089e+11	-1.647e+16	9.271e+06	2.537	-1.615e+05
 1.388e-06	1.088e+11	-1.645e+16	9.282e+06	2.536	-1.615e+05
 1.396e-06	1.087e+11	-1.643e+16	9.294e+06	2.534	-1.615e+05
 1.404e-06	1.086e+11	-1.641e+16	9.306e+06	2.533	-1.615e+05
 1.412e-06	1.084e+11	-1.639e+16	9.317e+06	2.532	-1.615e+05
  1.42e-06	1.083e+11	-1.637e+16	9.329e+06	2.531	-1.615e+05
 1.427e-06	1.082e+11	-1.635e+16	9.341e+06	2.529	-1.615e+05
 1.435e-06	1.08e+11	-1.633e+16	9.353e+06	2.528	-1.615e+05
 1.443e-06	1.079e+11	-1.632e+16	9.365e+06	2.527	-1.615e+05
 1.451e-06	1.078e+11	-1.63e+16	9.376e+06	2.526	-1.615e+05
 1.459e-06	1.077e+11	-1.628e+16	9.388e+06	2.524	-1.615e+05
 1.466e-06	1.075e+11	-1.626e+16	9.4e+06	2.523	-1.615e+05
 1.474e-06	1.074e+11	-1.624e+16	9.412e+06	2.522	-1.615e+05
 1.482e-06	1.073e+11	-1.622e+16	9.424e+06	2.521	-1.615e+05
  1.49e-06	1.072e+11	-1.62e+16	9.436e+06	2.519	-1.615e+05
 1.498e-06	1.07e+11	-1.618e+16	9.448e+06	2.518	-1.615e+05
 1.505e-06	1.069e+11	-1.616e+16	9.459e+06	2.517	-1.615e+05
 1.513e-06	1.068e+11	-1.614e+16	9.471e+06	2.516	-1.615e+05
 1.521e-06	1.066e+11	-1.613e+16	9.483e+06	2.514	-1.615e+05
 1.529e-06	1.065e+11	-1.611e+16	9.495e+06	2.513	-1.615e+05
 1.537e-06	1.064e+11	-1.609e+16	9.507e+06	2.512	-1.615e+05
 1.544e-06	1.063e+11	-1.607e+16	9.519e+06	2.511	-1.615e+05
 1.552e-06	1.061e+11	-1.605e+16	9.531e+06	2.509	-1.615e+05
  1.56e-06	1.06e+11	-1.603e+16	9.543e+06	2.508	-1.615e+05
 1.568e-06	1.059e+11	-1.601e+16	9.555e+06	2.507	-1.615e+05
 1.576e-06	1.058e+11	-1.599e+16	9.567e+06	2.505	-1.615e+05
 1.583e-06	1.056e+11	-1.598e+16	9.579e+06	2.504	-1.615e+05
 1.591e-06	1.055e+11	-1.596e+16	9.591e+06	2.503	-1.615e+05
 1.599e-06	1.054e+11	-1.594e+16	9.604e+06	2.502	-1.615e+05
 1.607e-06	1.053e+11	-1.592e+16	9.616e+06	2.5	-1.615e+05
 1.615e-06	1.051e+11	-1.59e+16	9.628e+06	2.499	-1.615e+05
 1.622e-06	1.05e+11	-1.588e+16	9.64e+06	2.498	-1.615e+05
  1.63e-06	1.049e+11	-1.586e+16	9.652e+06	2.497	-1.615e+05
 1.638e-06	1.048e+11	-1.584e+16	9.664e+06	2.495	-1.615e+05
 1.646e-06	1.047e+11	-1.583e+16	9.676e+06	2.494	-1.615e+05
 1.654e-06	1.045e+11	-1.581e+16	9.689e+06	2.493	-1.615e+05
 1.661e-06	1.044e+11	-1.579e+16	9.701e+06	2.492	-1.615e+05
 1.669e-06	1.043e+11	-1.577e+16	9.713e+06	2.49	-1.615e+05
 1.677e-06	1.042e+11	-1.575e+16	9.725e+06	2.489	-1.615e+05
 1.685e-06	1.04e+11	-1.573e+16	9.738e+06	2.488	-1.615e+05
 1.693e-06	1.039e+11	-1.571e+16	9.75e+06	2.487	-1.615e+05
   1.7e-06	1.038e+11	-1.57e+16	9.762e+06	2.485	-1.615e+05
 1.708e-06	1.037e+11	-1.568e+16	9.774e+06	2.484	-1.615e+05
 1.716e-06	1.035e+11	-1.566e+16	9.787e+06	2.483	-1.615e+05
 1.724e-06	1.034e+11	-1.564e+16	9.799e+06	2.482	-1.615e+05
 1.732e-06	1.033e+11	-1.562e+16	9.811e+06	2.48	-1.615e+05
 1.739e-06	1.032e+11	-1.56e+16	9.824e+06	2.479	-1.615e+05
 1.747e-06	1.031e+11	-1.559e+16	9.836e+06	2.478	-1.615e+05
 1.755e-06	1.029e+11	-1.557e+16	9.849e+06	2.477	-1.615e+05
 1.763e-06	1.028e+11	-1.555e+16	9.861e+06	2.475	-1.615e+05
 1.771e-06	1.027e+11	-1.553e+16	9.873e+06	2.474	-1.615e+05
 1.778e-06	1.026e+11	-1.551e+16	9.886e+06	2.473	-1.615e+05
 1.786e-06	1.025e+11	-1.549e+16	9.898e+06	2.471	-1.615e+05
 1.794e-06	1.023e+11	-1.548e+16	9.911e+06	2.47	-1.615e+05
 1.802e-06	1.022e+11	-1.546e+16	9.923e+06	2.469	-1.615e+05
  1.81e-06	1.021e+11	-1.544e+16	9.936e+06	2.468	-1.615e+05
 1.817e-06	1.02e+11	-1.542e+16	9.948e+06	2.466	-1.615e+05
 1.825e-06	1.019e+11	-1.54e+16	9.961e+06	2.465	-1.615e+05
 1.833e-06	1.017e+11	-1.538e+16	9.974e+06	2.464	-1.615e+05
 1.841e-06	1.016e+11	-1.537e+16	9.986e+06	2.463	-1.615e+05
 1.849e-06	1.015e+11	-1.535e+16	9.999e+06	2.461	-1.615e+05
 1.856e-06	1.014e+11	-1.533e+16	1.001e+07	2.46	-1.615e+05
 1.864e-06	1.013e+11	-1.531e+16	1.002e+07	2.459	-1.615e+05
 1.872e-06	1.011e+11	-1.529e+16	1.004e+07	2.458	-1.615e+05
  1.88e-06	1.01e+11	-1.528e+16	1.005e+07	2.456	-1.615e+05
 1.888e-06	1.009e+11	-1.526e+16	1.006e+07	2.455	-1.615e+05
 1.895e-06	1.008e+11	-1.524e+16	1.007e+07	2.454	-1.615e+05
 1.903e-06	1.007e+11	-1.522e+16	1.009e+07	2.453	-1.615e+05
 1.911e-06	1.005e+11	-1.52e+16	1.01e+07	2.451	-1.615e+05
 1.919e-06	1.004e+11	-1.519e+16	1.011e+07	2.45	-1.615e+05
 1.927e-06	1.003e+11	-1.517e+16	1.013e+07	2.449	-1.615e+05
 1.934e-06	1.002e+11	-1.515e+16	1.014e+07	2.448	-1.615e+05
 1.942e-06	1.001e+11	-1.513e+16	1.015e+07	2.446	-1.615e+05
  1.95e-06	9.995e+10	-1.511e+16	1.016e+07	2.445	-1.615e+05
 1.958e-06	9.983e+10	-1.51e+16	1.018e+07	2.444	-1.615e+05
 1.966e-06	9.971e+10	-1.508e+16	1.019e+07	2.442	-1.615e+05
 1.973e-06	9.96e+10	-1.506e+16	1.02e+07	2.441	-1.615e+05
 1.981e-06	9.948e+10	-1.504e+16	1.022e+07	2.44	-1.615e+05
 1.989e-06	9.936e+10	-1.503e+16	1.023e+07	2.439	-1.615e+05
 1.997e-06	9.924e+10	-1.501e+16	1.024e+07	2.437	-1.615e+05
 2.005e-06	9.913e+10	-1.499e+16	1.025e+07	2.436	-1.615e+05
 2.012e-06	9.901e+10	-1.497e+16	1.027e+07	2.435	-1.615e+05
  2.02e-06	9.889e+10	-1.496e+16	1.028e+07	2.434	-1.615e+05
 2.028e-06	9.878e+10	-1.494e+16	1.029e+07	2.432	-1.615e+05
 2.036e-06	9.866e+10	-1.492e+16	1.031e+07	2.431	-1.615e+05
 2.044e-06	9.854e+10	-1.49e+16	1.032e+07	2.43	-1.615e+05
 2.051e-06	9.843e+10	-1.488e+16	1.033e+07	2.429	-1.615e+05
 2.059e-06	9.831e+10	-1.487e+16	1.034e+07	2.427	-1.615e+05
 2.067e-06	9.82e+10	-1.485e+16	1.036e+07	2.426	-1.615e+05
 2.075e-06	9.808e+10	-1.483e+16	1.037e+07	2.425	-1.615e+05
 2.083e-06	9.797e+10	-1.481e+16	1.038e+07	2.424	-1.615e+05
  2.09e-06	9.785e+10	-1.48e+16	1.04e+07	2.422	-1.615e+05
 2.098e-06	9.773e+10	-1.478e+16	1.041e+07	2.421	-1.615e+05
 2.106e-06	9.762e+10	-1.476e+16	1.042e+07	2.42	-1.615e+05
 2.114e-06	9.75e+10	-1.474e+16	1.044e+07	2.419	-1.615e+05
 2.122e-06	9.739e+10	-1.473e+16	1.045e+07	2.417	-1.615e+05
 2.129e-06	9.727e+10	-1.471e+16	1.046e+07	2.416	-1.615e+05
 2.137e-06	9.716e+10	-1.469e+16	1.048e+07	2.415	-1.615e+05
 2.145e-06	9.705e+10	-1.468e+16	1.049e+07	2.414	-1.615e+05
 2.153e-06	9.693e+10	-1.466e+16	1.05e+07	2.412	-1.615e+05
 2.161e-06	9.682e+10	-1.464e+16	1.052e+07	2.411	-1.615e+05
 2.168e-06	9.67e+10	-1.462e+16	1.053e+07	2.41	-1.615e+05
 2.176e-06	9.659e+10	-1.461e+16	1.054e+07	2.408	-1.615e+05
 2.184e-06	9.647e+10	-1.459e+16	1.056e+07	2.407	-1.615e+05
 2.192e-06	9.636e+10	-1.457e+16	1.057e+07	2.406	-1.615e+05
   2.2e-06	9.625e+10	-1.455e+16	1.058e+07	2.405	-1.615e+05
 2.207e-06	9.613e+10	-1.454e+16	1.06e+07	2.403	-1.615e+05
 2.215e-06	9.602e+10	-1.452e+16	1.061e+07	2.402	-1.615e+05
 2.223e-06	9.591e+10	-1.45e+16	1.062e+07	2.401	-1.615e+05
 2.231e-06	9.579e+10	-1.449e+16	1.064e+07	2.4	-1.615e+05
 2.239e-06	9.568e+10	-1.447e+16	1.065e+07	2.398	-1.615e+05
 2.246e-06	9.557e+10	-1.445e+16	1.066e+07	2.397	-1.615e+05
 2.254e-06	9.546e+10	-1.444e+16	1.068e+07	2.396	-1.615e+05
 2.262e-06	9.534e+10	-1.442e+16	1.069e+07	2.395	-1.615e+05
  2.27e-06	9.523e+10	-1.44e+16	1.07e+07	2.393	-1.615e+05
 2.278e-06	9.512e+10	-1.438e+16	1.072e+07	2.392	-1.615e+05
 2.285e-06	9.501e+10	-1.437e+16	1.073e+07	2.391	-1.615e+05
 2.293e-06	9.489e+10	-1.435e+16	1.074e+07	2.39	-1.615e+05
 2.301e-06	9.478e+10	-1.433e+16	1.076e+07	2.388	-1.615e+05
 2.309e-06	9.467e+10	-1.432e+16	1.077e+07	2.387	-1.615e+05
 2.317e-06	9.456e+10	-1.43e+16	1.078e+07	2.386	-1.615e+05
 2.324e-06	9.445e+10	-1.428e+16	1.08e+07	2.385	-1.615e+05
 2.332e-06	9.434e+10	-1.427e+16	1.081e+07	2.383	-1.615e+05
  2.34e-06	9.423e+10	-1.425e+16	1.082e+07	2.382	-1.615e+05
 2.348e-06	9.411e+10	-1.423e+16	1.084e+07	2.381	-1.615e+05
 2.356e-06	9.4e+10	-1.422e+16	1.085e+07	2.379	-1.615e+05
 2.363e-06	9.389e+10	-1.42e+16	1.087e+07	2.378	-1.615e+05
 2.371e-06	9.378e+10	-1.418e+16	1.088e+07	2.377	-1.615e+05
 2.379e-06	9.367e+10	-1.417e+16	1.089e+07	2.376	-1.615e+05
 2.387e-06	9.356e+10	-1.415e+16	1.091e+07	2.374	-1.615e+05
 2.395e-06	9.345e+10	-1.413e+16	1.092e+07	2.373	-1.615e+05
 2.402e-06	9.334e+10	-1.412e+16	1.093e+07	2.372	-1.615e+05
  2.41e-06	9.323e+10	-1.41e+16	1.095e+07	2.371	-1.615e+05
 2.418e-06	9.312e+10	-1.408e+16	1.096e+07	2.369	-1.615e+05
 2.426e-06	9.301e+10	-1.407e+16	1.098e+07	2.368	-1.615e+05
 2.434e-06	9.29e+10	-1.405e+16	1.099e+07	2.367	-1.615e+05
 2.441e-06	9.279e+10	-1.403e+16	1.1e+07	2.366	-1.615e+05
 2.449e-06	9.268e+10	-1.402e+16	1.102e+07	2.364	-1.615e+05
 2.457e-06	9.257e+10	-1.4e+16	1.103e+07	2.363	-1.615e+05
 2.465e-06	9.246e+10	-1.398e+16	1.105e+07	2.362	-1.615e+05
 2.473e-06	9.235e+10	-1.397e+16	1.106e+07	2.361	-1.615e+05
  2.48e-06	9.225e+10	-1.395e+16	1.107e+07	2.359	-1.615e+05
 2.488e-06	9.214e+10	-1.393e+16	1.109e+07	2.358	-1.615e+05
 2.496e-06	9.203e+10	-1.392e+16	1.11e+07	2.357	-1.615e+05
 2.504e-06	9.192e+10	-1.39e+16	1.111e+07	2.356	-1.615e+05
 2.512e-06	9.181e+10	-1.388e+16	1.113e+07	2.354	-1.615e+05
 2.519e-06	9.17e+10	-1.387e+16	1.114e+07	2.353	-1.615e+05
 2.527e-06	9.16e+10	-1.385e+16	1.116e+07	2.352	-1.615e+05
 2.535e-06	9.149e+10	-1.383e+16	1.117e+07	2.35	-1.615e+05
 2.543e-06	9.138e+10	-1.382e+16	1.119e+07	2.349	-1.615e+05
 2.551e-06	9.127e+10	-1.38e+16	1.12e+07	2.348	-1.615e+05
 2.558e-06	9.116e+10	-1.379e+16	1.121e+07	2.347	-1.615e+05
 2.566e-06	9.106e+10	-1.377e+16	1.123e+07	2.345	-1.615e+05
 2.574e-06	9.095e+10	-1.375e+16	1.124e+07	2.344	-1.615e+05
 2.582e-06	9.084e+10	-1.374e+16	1.126e+07	2.343	-1.615e+05
  2.59e-06	9.074e+10	-1.372e+16	1.127e+07	2.342	-1.615e+05
 2.597e-06	9.063e+10	-1.371e+16	1.128e+07	2.34	-1.615e+05
 2.605e-06	9.052e+10	-1.369e+16	1.13e+07	2.339	-1.615e+05
 2.613e-06	9.041e+10	-1.367e+16	1.131e+07	2.338	-1.615e+05
 2.621e-06	9.031e+10	-1.366e+16	1.133e+07	2.337	-1.615e+05
 2.629e-06	9.02e+10	-1.364e+16	1.134e+07	2.335	-1.615e+05
 2.636e-06	9.01e+10	-1.362e+16	1.136e+07	2.334	-1.615e+05
 2.644e-06	8.999e+10	-1.361e+16	1.137e+07	2.333	-1.615e+05
 2.652e-06	8.988e+10	-1.359e+16	1.138e+07	2.332	-1.615e+05
  2.66e-06	8.978e+10	-1.358e+16	1.14e+07	2.33	-1.615e+05
 2.668e-06	8.967e+10	-1.356e+16	1.141e+07	2.329	-1.615e+05
 2.675e-06	8.957e+10	-1.354e+16	1.143e+07	2.328	-1.615e+05
 2.683e-06	8.946e+10	-1.353e+16	1.144e+07	2.327	-1.615e+05
 2.691e-06	8.935e+10	-1.351e+16	1.146e+07	2.325	-1.615e+05
 2.699e-06	8.925e+10	-1.35e+16	1.147e+07	2.324	-1.615e+05
 2.707e-06	8.914e+10	-1.348e+16	1.149e+07	2.323	-1.615e+05
 2.714e-06	8.904e+10	-1.346e+16	1.15e+07	2.322	-1.615e+05
 2.722e-06	8.893e+10	-1.345e+16	1.151e+07	2.32	-1.615e+05
  2.73e-06	8.883e+10	-1.343e+16	1.153e+07	2.319	-1.615e+05
 2.738e-06	8.872e+10	-1.342e+16	1.154e+07	2.318	-1.615e+05
 2.746e-06	8.862e+10	-1.34e+16	1.156e+07	2.316	-1.615e+05
 2.753e-06	8.852e+10	-1.339e+16	1.157e+07	2.315	-1.615e+05
 2.761e-06	8.841e+10	-1.337e+16	1.159e+07	2.314	-1.615e+05
 2.769e-06	8.831e+10	-1.335e+16	1.16e+07	2.313	-1.615e+05
 2.777e-06	8.82e+10	-1.334e+16	1.162e+07	2.311	-1.615e+05
 2.785e-06	8.81e+10	-1.332e+16	1.163e+07	2.31	-1.615e+05
 2.792e-06	8.799e+10	-1.331e+16	1.165e+07	2.309	-1.615e+05
   2.8e-06	8.789e+10	-1.329e+16	1.166e+07	2.308	-1.615e+05
 2.808e-06	8.779e+10	-1.328e+16	1.167e+07	2.306	-1.615e+05
 2.816e-06	8.768e+10	-1.326e+16	1.169e+07	2.305	-1.615e+05
 2.824e-06	8.758e+10	-1.324e+16	1.17e+07	2.304	-1.615e+05
 2.831e-06	8.748e+10	-1.323e+16	1.172e+07	2.303	-1.615e+05
 2.839e-06	8.737e+10	-1.321e+16	1.173e+07	2.301	-1.615e+05
 2.847e-06	8.727e+10	-1.32e+16	1.175e+07	2.3	-1.615e+05
 2.855e-06	8.717e+10	-1.318e+16	1.176e+07	2.299	-1.615e+05
 2.863e-06	8.707e+10	-1.317e+16	1.178e+07	2.298	-1.615e+05
  2.87e-06	8.696e+10	-1.315e+16	1.179e+07	2.296	-1.615e+05
 2.878e-06	8.686e+10	-1.314e+16	1.181e+07	2.295	-1.615e+05
 2.886e-06	8.676e+10	-1.312e+16	1.182e+07	2.294	-1.615e+05
 2.894e-06	8.666e+10	-1.31e+16	1.184e+07	2.293	-1.615e+05
 2.902e-06	8.655e+10	-1.309e+16	1.185e+07	2.291	-1.615e+05
 2.909e-06	8.645e+10	-1.307e+16	1.187e+07	2.29	-1.615e+05
 2.917e-06	8.635e+10	-1.306e+16	1.188e+07	2.289	-1.615e+05
 2.925e-06	8.625e+10	-1.304e+16	1.19e+07	2.287	-1.615e+05
 2.933e-06	8.615e+10	-1.303e+16	1.191e+07	2.286	-1.615e+05
 2.941e-06	8.604e+10	-1.301e+16	1.193e+07	2.285	-1.615e+05
 2.948e-06	8.594e+10	-1.3e+16	1.194e+07	2.284	-1.615e+05
 2.956e-06	8.584e+10	-1.298e+16	1.196e+07	2.282	-1.615e+05
 2.964e-06	8.574e+10	-1.297e+16	1.197e+07	2.281	-1.615e+05
 2.972e-06	8.564e+10	-1.295e+16	1.199e+07	2.28	-1.615e+05
  2.98e-06	8.554e+10	-1.294e+16	1.2e+07	2.279	-1.615e+05
 2.987e-06	8.544e+10	-1.292e+16	1.202e+07	2.277	-1.615e+05
 2.995e-06	8.534e+10	-1.29e+16	1.203e+07	2.276	-1.615e+05
 3.003e-06	8.524e+10	-1.289e+16	1.205e+07	2.275	-1.615e+05
 3.011e-06	8.514e+10	-1.287e+16	1.206e+07	2.274	-1.615e+05
 3.019e-06	8.504e+10	-1.286e+16	1.208e+07	2.272	-1.615e+05
 3.026e-06	8.494e+10	-1.284e+16	1.209e+07	2.271	-1.615e+05
 3.034e-06	8.484e+10	-1.283e+16	1.211e+07	2.27	-1.615e+05
 3.042e-06	8.474e+10	-1.281e+16	1.212e+07	2.269	-1.615e+05
  3.05e-06	8.464e+10	-1.28e+16	1.214e+07	2.267	-1.615e+05
 3.058e-06	8.454e+10	-1.278e+16	1.216e+07	2.266	-1.615e+05
 3.065e-06	8.444e+10	-1.277e+16	1.217e+07	2.265	-1.615e+05
 3.073e-06	8.434e+10	-1.275e+16	1.219e+07	2.264	-1.615e+05
 3.081e-06	8.424e+10	-1.274e+16	1.22e+07	2.262	-1.615e+05
 3.089e-06	8.414e+10	-1.272e+16	1.222e+07	2.261	-1.615e+05
 3.097e-06	8.404e+10	-1.271e+16	1.223e+07	2.26	-1.615e+05
 3.104e-06	8.394e+10	-1.269e+16	1.225e+07	2.259	-1.615e+05
 3.112e-06	8.384e+10	-1.268e+16	1.226e+07	2.257	-1.615e+05
  3.12e-06	8.374e+10	-1.266e+16	1.228e+07	2.256	-1.615e+05
 3.128e-06	8.364e+10	-1.265e+16	1.229e+07	2.255	-1.615e+05
 3.136e-06	8.354e+10	-1.263e+16	1.231e+07	2.253	-1.615e+05
 3.143e-06	8.345e+10	-1.262e+16	1.232e+07	2.252	-1.615e+05
 3.151e-06	8.335e+10	-1.26e+16	1.234e+07	2.251	-1.615e+05
 3.159e-06	8.325e+10	-1.259e+16	1.236e+07	2.25	-1.615e+05
 3.167e-06	8.315e+10	-1.257e+16	1.237e+07	2.248	-1.615e+05
 3.175e-06	8.305e+10	-1.256e+16	1.239e+07	2.247	-1.615e+05
 3.182e-06	8.296e+10	-1.254e+16	1.24e+07	2.246	-1.615e+05
  3.19e-06	8.286e+10	-1.253e+16	1.242e+07	2.245	-1.615e+05
 3.198e-06	8.276e+10	-1.252e+16	1.243e+07	2.243	-1.615e+05
 3.206e-06	8.266e+10	-1.25e+16	1.245e+07	2.242	-1.615e+05
 3.214e-06	8.256e+10	-1.249e+16	1.247e+07	2.241	-1.615e+05
 3.221e-06	8.247e+10	-1.247e+16	1.248e+07	2.24	-1.615e+05
 3.229e-06	8.237e+10	-1.246e+16	1.25e+07	2.238	-1.615e+05
 3.237e-06	8.227e+10	-1.244e+16	1.251e+07	2.237	-1.615e+05
 3.245e-06	8.218e+10	-1.243e+16	1.253e+07	2.236	-1.615e+05
 3.253e-06	8.208e+10	-1.241e+16	1.254e+07	2.235	-1.615e+05
  3.26e-06	8.198e+10	-1.24e+16	1.256e+07	2.233	-1.615e+05
 3.268e-06	8.189e+10	-1.238e+16	1.258e+07	2.232	-1.615e+05
 3.276e-06	8.179e+10	-1.237e+16	1.259e+07	2.231	-1.615e+05
 3.284e-06	8.169e+10	-1.235e+16	1.261e+07	2.23	-1.615e+05
 3.292e-06	8.16e+10	-1.234e+16	1.262e+07	2.228	-1.615e+05
 3.299e-06	8.15e+10	-1.232e+16	1.264e+07	2.227	-1.615e+05
 3.307e-06	8.14e+10	-1.231e+16	1.266e+07	2.226	-1.615e+05
 3.315e-06	8.131e+10	-1.23e+16	1.267e+07	2.224	-1.615e+05
 3.323e-06	8.121e+10	-1.228e+16	1.269e+07	2.223	-1.615e+05
 3.331e-06	8.112e+10	-1.227e+16	1.27e+07	2.222	-1.615e+05
 3.338e-06	8.102e+10	-1.225e+16	1.272e+07	2.221	-1.615e+05
 3.346e-06	8.093e+10	-1.224e+16	1.274e+07	2.219	-1.615e+05
 3.354e-06	8.083e+10	-1.222e+16	1.275e+07	2.218	-1.615e+05
 3.362e-06	8.073e+10	-1.221e+16	1.277e+07	2.217	-1.615e+05
  3.37e-06	8.064e+10	-1.219e+16	1.278e+07	2.216	-1.615e+05
 3.377e-06	8.054e+10	-1.218e+16	1.28e+07	2.214	-1.615e+05
 3.385e-06	8.045e+10	-1.217e+16	1.282e+07	2.213	-1.615e+05
 3.393e-06	8.035e+10	-1.215e+16	1.283e+07	2.212	-1.615e+05
 3.401e-06	8.026e+10	-1.214e+16	1.285e+07	2.211	-1.615e+05
 3.409e-06	8.017e+10	-1.212e+16	1.286e+07	2.209	-1.615e+05
 3.416e-06	8.007e+10	-1.211e+16	1.288e+07	2.208	-1.615e+05
 3.424e-06	7.998e+10	-1.209e+16	1.29e+07	2.207	-1.615e+05
 3.432e-06	7.988e+10	-1.208e+16	1.291e+07	2.206	-1.615e+05
  3.44e-06	7.979e+10	-1.207e+16	1.293e+07	2.204	-1.615e+05
 3.448e-06	7.969e+10	-1.205e+16	1.295e+07	2.203	-1.615e+05
 3.455e-06	7.96e+10	-1.204e+16	1.296e+07	2.202	-1.615e+05
 3.463e-06	7.951e+10	-1.202e+16	1.298e+07	2.201	-1.615e+05
 3.471e-06	7.941e+10	-1.201e+16	1.299e+07	2.199	-1.615e+05
 3.479e-06	7.932e+10	-1.199e+16	1.301e+07	2.198	-1.615e+05
 3.487e-06	7.923e+10	-1.198e+16	1.303e+07	2.197	-1.615e+05
 3.494e-06	7.913e+10	-1.197e+16	1.304e+07	2.196	-1.615e+05
 3.502e-06	7.904e+10	-1.195e+16	1.306e+07	2.194	-1.615e+05
  3.51e-06	7.895e+10	-1.194e+16	1.308e+07	2.193	-1.615e+05
 3.518e-06	7.885e+10	-1.192e+16	1.309e+07	2.192	-1.615e+05
 3.526e-06	7.876e+10	-1.191e+16	1.311e+07	2.19	-1.615e+05
 3.533e-06	7.867e+10	-1.19e+16	1.313e+07	2.189	-1.615e+05
 3.541e-06	7.857e+10	-1.188e+16	1.314e+07	2.188	-1.615e+05
 3.549e-06	7.848e+10	-1.187e+16	1.316e+07	2.187	-1.615e+05
 3.557e-06	7.839e+10	-1.185e+16	1.318e+07	2.185	-1.615e+05
 3.565e-06	7.83e+10	-1.184e+16	1.319e+07	2.184	-1.615e+05
 3.572e-06	7.82e+10	-1.183e+16	1.321e+07	2.183	-1.615e+05
  3.58e-06	7.811e+10	-1.181e+16	1.323e+07	2.182	-1.615e+05
 3.588e-06	7.802e+10	-1.18e+16	1.324e+07	2.18	-1.615e+05
 3.596e-06	7.793e+10	-1.178e+16	1.326e+07	2.179	-1.615e+05
 3.604e-06	7.784e+10	-1.177e+16	1.328e+07	2.178	-1.615e+05
 3.611e-06	7.774e+10	-1.176e+16	1.329e+07	2.177	-1.615e+05
 3.619e-06	7.765e+10	-1.174e+16	1.331e+07	2.175	-1.615e+05
 3.627e-06	7.756e+10	-1.173e+16	1.333e+07	2.174	-1.615e+05
 3.635e-06	7.747e+10	-1.172e+16	1.334e+07	2.173	-1.615e+05
 3.643e-06	7.738e+10	-1.17e+16	1.336e+07	2.172	-1.615e+05
  3.65e-06	7.729e+10	-1.169e+16	1.338e+07	2.17	-1.615e+05
 3.658e-06	7.72e+10	-1.167e+16	1.339e+07	2.169	-1.615e+05
 3.666e-06	7.71e+10	-1.166e+16	1.341e+07	2.168	-1.615e+05
 3.674e-06	7.701e+10	-1.165e+16	1.343e+07	2.167	-1.615e+05
 3.682e-06	7.692e+10	-1.163e+16	1.344e+07	2.165	-1.615e+05
 3.689e-06	7.683e+10	-1.162e+16	1.346e+07	2.164	-1.615e+05
 3.697e-06	7.674e+10	-1.161e+16	1.348e+07	2.163	-1.615e+05
 3.705e-06	7.665e+10	-1.159e+16	1.35e+07	2.161	-1.615e+05
 3.713e-06	7.656e+10	-1.158e+16	1.351e+07	2.16	-1.615e+05
 3.721e-06	7.647e+10	-1.156e+16	1.353e+07	2.159	-1.615e+05
 3.728e-06	7.638e+10	-1.155e+16	1.355e+07	2.158	-1.615e+05
 3.736e-06	7.629e+10	-1.154e+16	1.356e+07	2.156	-1.615e+05
 3.744e-06	7.62e+10	-1.152e+16	1.358e+07	2.155	-1.615e+05
 3.752e-06	7.611e+10	-1.151e+16	1.36e+07	2.154	-1.615e+05
  3.76e-06	7.602e+10	-1.15e+16	1.361e+07	2.153	-1.615e+05
 3.767e-06	7.593e+10	-1.148e+16	1.363e+07	2.151	-1.615e+05
 3.775e-06	7.584e+10	-1.147e+16	1.365e+07	2.15	-1.615e+05
 3.783e-06	7.575e+10	-1.146e+16	1.367e+07	2.149	-1.615e+05
 3.791e-06	7.566e+10	-1.144e+16	1.368e+07	2.148	-1.615e+05
 3.799e-06	7.557e+10	-1.143e+16	1.37e+07	2.146	-1.615e+05
 3.806e-06	7.549e+10	-1.142e+16	1.372e+07	2.145	-1.615e+05
 3.814e-06	7.54e+10	-1.14e+16	1.374e+07	2.144	-1.615e+05
 3.822e-06	7.531e+10	-1.139e+16	1.375e+07	2.143	-1.615e+05
  3.83e-06	7.522e+10	-1.137e+16	1.377e+07	2.141	-1.615e+05
 3.838e-06	7.513e+10	-1.136e+16	1.379e+07	2.14	-1.615e+05
 3.845e-06	7.504e+10	-1.135e+16	1.38e+07	2.139	-1.615e+05
 3.853e-06	7.495e+10	-1.133e+16	1.382e+07	2.138	-1.615e+05
 3.861e-06	7.486e+10	-1.132e+16	1.384e+07	2.136	-1.615e+05
 3.869e-06	7.478e+10	-1.131e+16	1.386e+07	2.135	-1.615e+05
 3.877e-06	7.469e+10	-1.129e+16	1.387e+07	2.134	-1.615e+05
 3.884e-06	7.46e+10	-1.128e+16	1.389e+07	2.133	-1.615e+05
 3.892e-06	7.451e+10	-1.127e+16	1.391e+07	2.131	-1.615e+05
   3.9e-06	7.442e+10	-1.125e+16	1.393e+07	2.13	-1.615e+05
 3.908e-06	7.434e+10	-1.124e+16	1.394e+07	2.129	-1.615e+05
 3.916e-06	7.425e+10	-1.123e+16	1.396e+07	2.127	-1.615e+05
 3.923e-06	7.416e+10	-1.121e+16	1.398e+07	2.126	-1.615e+05
 3.931e-06	7.407e+10	-1.12e+16	1.4e+07	2.125	-1.615e+05
 3.939e-06	7.399e+10	-1.119e+16	1.402e+07	2.124	-1.615e+05
 3.947e-06	7.39e+10	-1.118e+16	1.403e+07	2.122	-1.615e+05
 3.955e-06	7.381e+10	-1.116e+16	1.405e+07	2.121	-1.615e+05
 3.962e-06	7.373e+10	-1.115e+16	1.407e+07	2.12	-1.615e+05
  3.97e-06	7.364e+10	-1.114e+16	1.409e+07	2.119	-1.615e+05
 3.978e-06	7.355e+10	-1.112e+16	1.41e+07	2.117	-1.615e+05
 3.986e-06	7.346e+10	-1.111e+16	1.412e+07	2.116	-1.615e+05
 3.994e-06	7.338e+10	-1.11e+16	1.414e+07	2.115	-1.615e+05
 4.001e-06	7.329e+10	-1.108e+16	1.416e+07	2.114	-1.615e+05
 4.009e-06	7.321e+10	-1.107e+16	1.417e+07	2.112	-1.615e+05
 4.017e-06	7.312e+10	-1.106e+16	1.419e+07	2.111	-1.615e+05
 4.025e-06	7.303e+10	-1.104e+16	1.421e+07	2.11	-1.615e+05
 4.033e-06	7.295e+10	-1.103e+16	1.423e+07	2.109	-1.615e+05
  4.04e-06	7.286e+10	-1.102e+16	1.425e+07	2.107	-1.615e+05
 4.048e-06	7.277e+10	-1.101e+16	1.426e+07	2.106	-1.615e+05
 4.056e-06	7.269e+10	-1.099e+16	1.428e+07	2.105	-1.615e+05
 4.064e-06	7.26e+10	-1.098e+16	1.43e+07	2.104	-1.615e+05
 4.072e-06	7.252e+10	-1.097e+16	1.432e+07	2.102	-1.615e+05
 4.079e-06	7.243e+10	-1.095e+16	1.434e+07	2.101	-1.615e+05
 4.087e-06	7.235e+10	-1.094e+16	1.435e+07	2.1	-1.615e+05
 4.095e-06	7.226e+10	-1.093e+16	1.437e+07	2.098	-1.615e+05
 4.103e-06	7.218e+10	-1.091e+16	1.439e+07	2.097	-1.615e+05
 4.111e-06	7.209e+10	-1.09e+16	1.441e+07	2.096	-1.615e+05
 4.118e-06	7.201e+10	-1.089e+16	1.443e+07	2.095	-1.615e+05
 4.126e-06	7.192e+10	-1.088e+16	1.445e+07	2.093	-1.615e+05
 4.134e-06	7.184e+10	-1.086e+16	1.446e+07	2.092	-1.615e+05
 4.142e-06	7.175e+10	-1.085e+16	1.448e+07	2.091	-1.615e+05
  4.15e-06	7.167e+10	-1.084e+16	1.45e+07	2.09	-1.615e+05
 4.157e-06	7.158e+10	-1.082e+16	1.452e+07	2.088	-1.615e+05
 4.165e-06	7.15e+10	-1.081e+16	1.454e+07	2.087	-1.615e+05
 4.173e-06	7.141e+10	-1.08e+16	1.455e+07	2.086	-1.615e+05
 4.181e-06	7.133e+10	-1.079e+16	1.457e+07	2.085	-1.615e+05
 4.189e-06	7.125e+10	-1.077e+16	1.459e+07	2.083	-1.615e+05
 4.196e-06	7.116e+10	-1.076e+16	1.461e+07	2.082	-1.615e+05
 4.204e-06	7.108e+10	-1.075e+16	1.463e+07	2.081	-1.615e+05
 4.212e-06	7.099e+10	-1.074e+16	1.465e+07	2.08	-1.615e+05
  4.22e-06	7.091e+10	-1.072e+16	1.467e+07	2.078	-1.615e+05
 4.228e-06	7.083e+10	-1.071e+16	1.468e+07	2.077	-1.615e+05
 4.235e-06	7.074e+10	-1.07e+16	1.47e+07	2.076	-1.615e+05
 4.243e-06	7.066e+10	-1.069e+16	1.472e+07	2.075	-1.615e+05
 4.251e-06	7.058e+10	-1.067e+16	1.474e+07	2.073	-1.615e+05
 4.259e-06	7.049e+10	-1.066e+16	1.476e+07	2.072	-1.615e+05
 4.267e-06	7.041e+10	-1.065e+16	1.478e+07	2.071	-1.615e+05
 4.274e-06	7.033e+10	-1.064e+16	1.48e+07	2.07	-1.615e+05
 4.282e-06	7.024e+10	-1.062e+16	1.481e+07	2.068	-1.615e+05
  4.29e-06	7.016e+10	-1.061e+16	1.483e+07	2.067	-1.615e+05
 4.298e-06	7.008e+10	-1.06e+16	1.485e+07	2.066	-1.615e+05
 4.306e-06	7e+10	-1.059e+16	1.487e+07	2.064	-1.615e+05
 4.313e-06	6.991e+10	-1.057e+16	1.489e+07	2.063	-1.615e+05
 4.321e-06	6.983e+10	-1.056e+16	1.491e+07	2.062	-1.615e+05
 4.329e-06	6.975e+10	-1.055e+16	1.493e+07	2.061	-1.615e+05
 4.337e-06	6.967e+10	-1.054e+16	1.495e+07	2.059	-1.615e+05
 4.345e-06	6.958e+10	-1.052e+16	1.496e+07	2.058	-1.615e+05
 4.352e-06	6.95e+10	-1.051e+16	1.498e+07	2.057	-1.615e+05
  4.36e-06	6.942e+10	-1.05e+16	1.5e+07	2.056	-1.615e+05
 4.368e-06	6.934e+10	-1.049e+16	1.502e+07	2.054	-1.615e+05
 4.376e-06	6.926e+10	-1.047e+16	1.504e+07	2.053	-1.615e+05
 4.384e-06	6.918e+10	-1.046e+16	1.506e+07	2.052	-1.615e+05
 4.391e-06	6.909e+10	-1.045e+16	1.508e+07	2.051	-1.615e+05
 4.399e-06	6.901e+10	-1.044e+16	1.51e+07	2.049	-1.615e+05
 4.407e-06	6.893e+10	-1.042e+16	1.512e+07	2.048	-1.615e+05
 4.415e-06	6.885e+10	-1.041e+16	1.513e+07	2.047	-1.615e+05
 4.423e-06	6.877e+10	-1.04e+16	1.515e+07	2.046	-1.615e+05
  4.43e-06	6.869e+10	-1.039e+16	1.517e+07	2.044	-1.615e+05
 4.438e-06	6.861e+10	-1.037e+16	1.519e+07	2.043	-1.615e+05
 4.446e-06	6.853e+10	-1.036e+16	1.521e+07	2.042	-1.615e+05
 4.454e-06	6.845e+10	-1.035e+16	1.523e+07	2.041	-1.615e+05
 4.462e-06	6.836e+10	-1.034e+16	1.525e+07	2.039	-1.615e+05
 4.469e-06	6.828e+10	-1.033e+16	1.527e+07	2.038	-1.615e+05
 4.477e-06	6.82e+10	-1.031e+16	1.529e+07	2.037	-1.615e+05
 4.485e-06	6.812e+10	-1.03e+16	1.531e+07	2.035	-1.615e+05
 4.493e-06	6.804e+10	-1.029e+16	1.533e+07	2.034	-1.615e+05
 4.501e-06	6.796e+10	-1.028e+16	1.535e+07	2.033	-1.615e+05
 4.508e-06	6.788e+10	-1.027e+16	1.537e+07	2.032	-1.615e+05
 4.516e-06	6.78e+10	-1.025e+16	1.538e+07	2.03	-1.615e+05
 4.524e-06	6.772e+10	-1.024e+16	1.54e+07	2.029	-1.615e+05
 4.532e-06	6.764e+10	-1.023e+16	1.542e+07	2.028	-1.615e+05
  4.54e-06	6.756e+10	-1.022e+16	1.544e+07	2.027	-1.615e+05
 4.547e-06	6.748e+10	-1.021e+16	1.546e+07	2.025	-1.615e+05
 4.555e-06	6.74e+10	-1.019e+16	1.548e+07	2.024	-1.615e+05
 4.563e-06	6.732e+10	-1.018e+16	1.55e+07	2.023	-1.615e+05
 4.571e-06	6.724e+10	-1.017e+16	1.552e+07	2.022	-1.615e+05
 4.579e-06	6.717e+10	-1.016e+16	1.554e+07	2.02	-1.615e+05
 4.586e-06	6.709e+10	-1.014e+16	1.556e+07	2.019	-1.615e+05
 4.594e-06	6.701e+10	-1.013e+16	1.558e+07	2.018	-1.615e+05
 4.602e-06	6.693e+10	-1.012e+16	1.56e+07	2.017	-1.615e+05
  4.61e-06	6.685e+10	-1.011e+16	1.562e+07	2.015	-1.615e+05
 4.618e-06	6.677e+10	-1.01e+16	1.564e+07	2.014	-1.615e+05
 4.625e-06	6.669e+10	-1.009e+16	1.566e+07	2.013	-1.615e+05
 4.633e-06	6.661e+10	-1.007e+16	1.568e+07	2.012	-1.615e+05
 4.641e-06	6.653e+10	-1.006e+16	1.57e+07	2.01	-1.615e+05
 4.649e-06	6.646e+10	-1.005e+16	1.572e+07	2.009	-1.615e+05
 4.657e-06	6.638e+10	-1.004e+16	1.574e+07	2.008	-1.615e+05
 4.664e-06	6.63e+10	-1.003e+16	1.576e+07	2.007	-1.615e+05
 4.672e-06	6.622e+10	-1.001e+16	1.578e+07	2.005	-1.615e+05
  4.68e-06	6.614e+10	-1e+16	1.58e+07	2.004	-1.615e+05
 4.688e-06	6.607e+10	-9.991e+15	1.582e+07	2.003	-1.615e+05
 4.696e-06	6.599e+10	-9.979e+15	1.584e+07	2.001	-1.615e+05
 4.703e-06	6.591e+10	-9.967e+15	1.586e+07	2	-1.615e+05
 4.711e-06	6.583e+10	-9.955e+15	1.588e+07	1.999	-1.615e+05
 4.719e-06	6.575e+10	-9.944e+15	1.59e+07	1.998	-1.615e+05
 4.727e-06	6.568e+10	-9.932e+15	1.592e+07	1.996	-1.615e+05
 4.735e-06	6.56e+10	-9.92e+15	1.594e+07	1.995	-1.615e+05
 4.742e-06	6.552e+10	-9.908e+15	1.596e+07	1.994	-1.615e+05
  4.75e-06	6.545e+10	-9.897e+15	1.598e+07	1.993	-1.615e+05
 4.758e-06	6.537e+10	-9.885e+15	1.6e+07	1.991	-1.615e+05
 4.766e-06	6.529e+10	-9.873e+15	1.602e+07	1.99	-1.615e+05
 4.774e-06	6.521e+10	-9.862e+15	1.604e+07	1.989	-1.615e+05
 4.781e-06	6.514e+10	-9.85e+15	1.606e+07	1.988	-1.615e+05
 4.789e-06	6.506e+10	-9.839e+15	1.608e+07	1.986	-1.615e+05
 4.797e-06	6.498e+10	-9.827e+15	1.61e+07	1.985	-1.615e+05
 4.805e-06	6.491e+10	-9.815e+15	1.612e+07	1.984	-1.615e+05
 4.813e-06	6.483e+10	-9.804e+15	1.614e+07	1.983	-1.615e+05
  4.82e-06	6.475e+10	-9.792e+15	1.616e+07	1.981	-1.615e+05
 4.828e-06	6.468e+10	-9.781e+15	1.618e+07	1.98	-1.615e+05
 4.836e-06	6.46e+10	-9.769e+15	1.62e+07	1.979	-1.615e+05
 4.844e-06	6.453e+10	-9.758e+15	1.622e+07	1.978	-1.615e+05
 4.852e-06	6.445e+10	-9.746e+15	1.624e+07	1.976	-1.615e+05
 4.859e-06	6.437e+10	-9.735e+15	1.626e+07	1.975	-1.615e+05
 4.867e-06	6.43e+10	-9.723e+15	1.628e+07	1.974	-1.615e+05
 4.875e-06	6.422e+10	-9.712e+15	1.63e+07	1.972	-1.615e+05
 4.883e-06	6.415e+10	-9.7e+15	1.632e+07	1.971	-1.615e+05
 4.891e-06	6.407e+10	-9.689e+15	1.634e+07	1.97	-1.615e+05
 4.898e-06	6.399e+10	-9.677e+15	1.636e+07	1.969	-1.615e+05
 4.906e-06	6.392e+10	-9.666e+15	1.639e+07	1.967	-1.615e+05
 4.914e-06	6.384e+10	-9.655e+15	1.641e+07	1.966	-1.615e+05
 4.922e-06	6.377e+10	-9.643e+15	1.643e+07	1.965	-1.615e+05
  4.93e-06	6.369e+10	-9.632e+15	1.645e+07	1.964	-1.615e+05
 4.937e-06	6.362e+10	-9.621e+15	1.647e+07	1.962	-1.615e+05
 4.945e-06	6.354e+10	-9.609e+15	1.649e+07	1.961	-1.615e+05
 4.953e-06	6.347e+10	-9.598e+15	1.651e+07	1.96	-1.615e+05
 4.961e-06	6.339e+10	-9.587e+15	1.653e+07	1.959	-1.615e+05
 4.969e-06	6.332e+10	-9.575e+15	1.655e+07	1.957	-1.615e+05
 4.976e-06	6.324e+10	-9.564e+15	1.657e+07	1.956	-1.615e+05
 4.984e-06	6.317e+10	-9.553e+15	1.659e+07	1.955	-1.615e+05
 4.992e-06	6.31e+10	-9.541e+15	1.661e+07	1.954	-1.615e+05
     5e-06	6.302e+10	-9.53e+15	1.663e+07	1.952	-1.615e+05
 5.008e-06	6.295e+10	-9.519e+15	1.666e+07	1.951	-1.615e+05
 5.015e-06	6.287e+10	-9.508e+15	1.668e+07	1.95	-1.615e+05
 5.023e-06	6.28e+10	-9.497e+15	1.67e+07	1.949	-1.615e+05
 5.031e-06	6.272e+10	-9.485e+15	1.672e+07	1.947	-1.615e+05
 5.039e-06	6.265e+10	-9.474e+15	1.674e+07	1.946	-1.615e+05
 5.047e-06	6.258e+10	-9.463e+15	1.676e+07	1.945	-1.615e+05
 5.054e-06	6.25e+10	-9.452e+15	1.678e+07	1.944	-1.615e+05
 5.062e-06	6.243e+10	-9.441e+15	1.68e+07	1.942	-1.615e+05
  5.07e-06	6.236e+10	-9.43e+15	1.682e+07	1.941	-1.615e+05
 5.078e-06	6.228e+10	-9.418e+15	1.685e+07	1.94	-1.615e+05
 5.086e-06	6.221e+10	-9.407e+15	1.687e+07	1.938	-1.615e+05
 5.093e-06	6.214e+10	-9.396e+15	1.689e+07	1.937	-1.615e+05
 5.101e-06	6.206e+10	-9.385e+15	1.691e+07	1.936	-1.615e+05
 5.109e-06	6.199e+10	-9.374e+15	1.693e+07	1.935	-1.615e+05
 5.117e-06	6.192e+10	-9.363e+15	1.695e+07	1.933	-1.615e+05
 5.125e-06	6.184e+10	-9.352e+15	1.697e+07	1.932	-1.615e+05
 5.132e-06	6.177e+10	-9.341e+15	1.699e+07	1.931	-1.615e+05
  5.14e-06	6.17e+10	-9.33e+15	1.702e+07	1.93	-1.615e+05
 5.148e-06	6.162e+10	-9.319e+15	1.704e+07	1.928	-1.615e+05
 5.156e-06	6.155e+10	-9.308e+15	1.706e+07	1.927	-1.615e+05
 5.164e-06	6.148e+10	-9.297e+15	1.708e+07	1.926	-1.615e+05
 5.171e-06	6.141e+10	-9.286e+15	1.71e+07	1.925	-1.615e+05
 5.179e-06	6.133e+10	-9.275e+15	1.712e+07	1.923	-1.615e+05
 5.187e-06	6.126e+10	-9.264e+15	1.715e+07	1.922	-1.615e+05
 5.195e-06	6.119e+10	-9.253e+15	1.717e+07	1.921	-1.615e+05
 5.203e-06	6.112e+10	-9.242e+15	1.719e+07	1.92	-1.615e+05
  5.21e-06	6.105e+10	-9.231e+15	1.721e+07	1.918	-1.615e+05
 5.218e-06	6.097e+10	-9.221e+15	1.723e+07	1.917	-1.615e+05
 5.226e-06	6.09e+10	-9.21e+15	1.725e+07	1.916	-1.615e+05
 5.234e-06	6.083e+10	-9.199e+15	1.728e+07	1.915	-1.615e+05
 5.242e-06	6.076e+10	-9.188e+15	1.73e+07	1.913	-1.615e+05
 5.249e-06	6.069e+10	-9.177e+15	1.732e+07	1.912	-1.615e+05
 5.257e-06	6.061e+10	-9.166e+15	1.734e+07	1.911	-1.615e+05
 5.265e-06	6.054e+10	-9.156e+15	1.736e+07	1.909	-1.615e+05
 5.273e-06	6.047e+10	-9.145e+15	1.738e+07	1.908	-1.615e+05
 5.281e-06	6.04e+10	-9.134e+15	1.741e+07	1.907	-1.615e+05
 5.288e-06	6.033e+10	-9.123e+15	1.743e+07	1.906	-1.615e+05
 5.296e-06	6.026e+10	-9.112e+15	1.745e+07	1.904	-1.615e+05
 5.304e-06	6.019e+10	-9.102e+15	1.747e+07	1.903	-1.615e+05
 5.312e-06	6.012e+10	-9.091e+15	1.749e+07	1.902	-1.615e+05
  5.32e-06	6.005e+10	-9.08e+15	1.752e+07	1.901	-1.615e+05
 5.327e-06	5.997e+10	-9.07e+15	1.754e+07	1.899	-1.615e+05
 5.335e-06	5.99e+10	-9.059e+15	1.756e+07	1.898	-1.615e+05
 5.343e-06	5.983e+10	-9.048e+15	1.758e+07	1.897	-1.615e+05
 5.351e-06	5.976e+10	-9.038e+15	1.761e+07	1.896	-1.615e+05
 5.359e-06	5.969e+10	-9.027e+15	1.763e+07	1.894	-1.615e+05
 5.366e-06	5.962e+10	-9.016e+15	1.765e+07	1.893	-1.615e+05
 5.374e-06	5.955e+10	-9.006e+15	1.767e+07	1.892	-1.615e+05
 5.382e-06	5.948e+10	-8.995e+15	1.769e+07	1.891	-1.615e+05
  5.39e-06	5.941e+10	-8.984e+15	1.772e+07	1.889	-1.615e+05
 5.398e-06	5.934e+10	-8.974e+15	1.774e+07	1.888	-1.615e+05
 5.405e-06	5.927e+10	-8.963e+15	1.776e+07	1.887	-1.615e+05
 5.413e-06	5.92e+10	-8.953e+15	1.778e+07	1.886	-1.615e+05
 5.421e-06	5.913e+10	-8.942e+15	1.781e+07	1.884	-1.615e+05
 5.429e-06	5.906e+10	-8.932e+15	1.783e+07	1.883	-1.615e+05
 5.437e-06	5.899e+10	-8.921e+15	1.785e+07	1.882	-1.615e+05
 5.444e-06	5.892e+10	-8.911e+15	1.787e+07	1.881	-1.615e+05
 5.452e-06	5.885e+10	-8.9e+15	1.79e+07	1.879	-1.615e+05
  5.46e-06	5.878e+10	-8.89e+15	1.792e+07	1.878	-1.615e+05
 5.468e-06	5.871e+10	-8.879e+15	1.794e+07	1.877	-1.615e+05
 5.476e-06	5.865e+10	-8.869e+15	1.796e+07	1.875	-1.615e+05
 5.483e-06	5.858e+10	-8.858e+15	1.799e+07	1.874	-1.615e+05
 5.491e-06	5.851e+10	-8.848e+15	1.801e+07	1.873	-1.615e+05
 5.499e-06	5.844e+10	-8.837e+15	1.803e+07	1.872	-1.615e+05
 5.507e-06	5.837e+10	-8.827e+15	1.805e+07	1.87	-1.615e+05
 5.515e-06	5.83e+10	-8.816e+15	1.808e+07	1.869	-1.615e+05
 5.522e-06	5.823e+10	-8.806e+15	1.81e+07	1.868	-1.615e+05
  5.53e-06	5.816e+10	-8.796e+15	1.812e+07	1.867	-1.615e+05
 5.538e-06	5.809e+10	-8.785e+15	1.815e+07	1.865	-1.615e+05
 5.546e-06	5.803e+10	-8.775e+15	1.817e+07	1.864	-1.615e+05
 5.554e-06	5.796e+10	-8.765e+15	1.819e+07	1.863	-1.615e+05
 5.561e-06	5.789e+10	-8.754e+15	1.821e+07	1.862	-1.615e+05
 5.569e-06	5.782e+10	-8.744e+15	1.824e+07	1.86	-1.615e+05
 5.577e-06	5.775e+10	-8.734e+15	1.826e+07	1.859	-1.615e+05
 5.585e-06	5.769e+10	-8.723e+15	1.828e+07	1.858	-1.615e+05
 5.593e-06	5.762e+10	-8.713e+15	1.831e+07	1.857	-1.615e+05
   5.6e-06	5.755e+10	-8.703e+15	1.833e+07	1.855	-1.615e+05
 5.608e-06	5.748e+10	-8.693e+15	1.835e+07	1.854	-1.615e+05
 5.616e-06	5.741e+10	-8.682e+15	1.838e+07	1.853	-1.615e+05
 5.624e-06	5.735e+10	-8.672e+15	1.84e+07	1.852	-1.615e+05
 5.632e-06	5.728e+10	-8.662e+15	1.842e+07	1.85	-1.615e+05
 5.639e-06	5.721e+10	-8.652e+15	1.845e+07	1.849	-1.615e+05
 5.647e-06	5.714e+10	-8.642e+15	1.847e+07	1.848	-1.615e+05
 5.655e-06	5.708e+10	-8.631e+15	1.849e+07	1.846	-1.615e+05
 5.663e-06	5.701e+10	-8.621e+15	1.852e+07	1.845	-1.615e+05
 5.671e-06	5.694e+10	-8.611e+15	1.854e+07	1.844	-1.615e+05
 5.678e-06	5.687e+10	-8.601e+15	1.856e+07	1.843	-1.615e+05
 5.686e-06	5.681e+10	-8.591e+15	1.859e+07	1.841	-1.615e+05
 5.694e-06	5.674e+10	-8.581e+15	1.861e+07	1.84	-1.615e+05
 5.702e-06	5.667e+10	-8.571e+15	1.863e+07	1.839	-1.615e+05
  5.71e-06	5.661e+10	-8.56e+15	1.866e+07	1.838	-1.615e+05
 5.717e-06	5.654e+10	-8.55e+15	1.868e+07	1.836	-1.615e+05
 5.725e-06	5.647e+10	-8.54e+15	1.87e+07	1.835	-1.615e+05
 5.733e-06	5.641e+10	-8.53e+15	1.873e+07	1.834	-1.615e+05
 5.741e-06	5.634e+10	-8.52e+15	1.875e+07	1.833	-1.615e+05
 5.749e-06	5.627e+10	-8.51e+15	1.877e+07	1.831	-1.615e+05
 5.756e-06	5.621e+10	-8.5e+15	1.88e+07	1.83	-1.615e+05
 5.764e-06	5.614e+10	-8.49e+15	1.882e+07	1.829	-1.615e+05
 5.772e-06	5.608e+10	-8.48e+15	1.884e+07	1.828	-1.615e+05
  5.78e-06	5.601e+10	-8.47e+15	1.887e+07	1.826	-1.615e+05
 5.788e-06	5.594e+10	-8.46e+15	1.889e+07	1.825	-1.615e+05
 5.795e-06	5.588e+10	-8.45e+15	1.892e+07	1.824	-1.615e+05
 5.803e-06	5.581e+10	-8.44e+15	1.894e+07	1.823	-1.615e+05
 5.811e-06	5.575e+10	-8.43e+15	1.896e+07	1.821	-1.615e+05
 5.819e-06	5.568e+10	-8.421e+15	1.899e+07	1.82	-1.615e+05
 5.827e-06	5.561e+10	-8.411e+15	1.901e+07	1.819	-1.615e+05
 5.834e-06	5.555e+10	-8.401e+15	1.904e+07	1.818	-1.615e+05
 5.842e-06	5.548e+10	-8.391e+15	1.906e+07	1.816	-1.615e+05
  5.85e-06	5.542e+10	-8.381e+15	1.908e+07	1.815	-1.615e+05
 5.858e-06	5.535e+10	-8.371e+15	1.911e+07	1.814	-1.615e+05
 5.866e-06	5.529e+10	-8.361e+15	1.913e+07	1.812	-1.615e+05
 5.873e-06	5.522e+10	-8.352e+15	1.916e+07	1.811	-1.615e+05
 5.881e-06	5.516e+10	-8.342e+15	1.918e+07	1.81	-1.615e+05
 5.889e-06	5.509e+10	-8.332e+15	1.92e+07	1.809	-1.615e+05
 5.897e-06	5.503e+10	-8.322e+15	1.923e+07	1.807	-1.615e+05
 5.905e-06	5.496e+10	-8.312e+15	1.925e+07	1.806	-1.615e+05
 5.912e-06	5.49e+10	-8.303e+15	1.928e+07	1.805	-1.615e+05
  5.92e-06	5.483e+10	-8.293e+15	1.93e+07	1.804	-1.615e+05
 5.928e-06	5.477e+10	-8.283e+15	1.933e+07	1.802	-1.615e+05
 5.936e-06	5.47e+10	-8.274e+15	1.935e+07	1.801	-1.615e+05
 5.944e-06	5.464e+10	-8.264e+15	1.937e+07	1.8	-1.615e+05
 5.951e-06	5.457e+10	-8.254e+15	1.94e+07	1.799	-1.615e+05
 5.959e-06	5.451e+10	-8.245e+15	1.942e+07	1.797	-1.615e+05
 5.967e-06	5.445e+10	-8.235e+15	1.945e+07	1.796	-1.615e+05
 5.975e-06	5.438e+10	-8.225e+15	1.947e+07	1.795	-1.615e+05
 5.983e-06	5.432e+10	-8.216e+15	1.95e+07	1.794	-1.615e+05
  5.99e-06	5.425e+10	-8.206e+15	1.952e+07	1.792	-1.615e+05
 5.998e-06	5.419e+10	-8.196e+15	1.955e+07	1.791	-1.615e+05
 6.006e-06	5.413e+10	-8.187e+15	1.957e+07	1.79	-1.615e+05
 6.014e-06	5.406e+10	-8.177e+15	1.96e+07	1.789	-1.615e+05
 6.022e-06	5.4e+10	-8.168e+15	1.962e+07	1.787	-1.615e+05
 6.029e-06	5.393e+10	-8.158e+15	1.964e+07	1.786	-1.615e+05
 6.037e-06	5.387e+10	-8.149e+15	1.967e+07	1.785	-1.615e+05
 6.045e-06	5.381e+10	-8.139e+15	1.969e+07	1.783	-1.615e+05
 6.053e-06	5.374e+10	-8.13e+15	1.972e+07	1.782	-1.615e+05
 6.061e-06	5.368e+10	-8.12e+15	1.974e+07	1.781	-1.615e+05
 6.068e-06	5.362e+10	-8.111e+15	1.977e+07	1.78	-1.615e+05
 6.076e-06	5.355e+10	-8.102e+15	1.979e+07	1.778	-1.615e+05
 6.084e-06	5.349e+10	-8.092e+15	1.982e+07	1.777	-1.615e+05
 6.092e-06	5.343e+10	-8.083e+15	1.984e+07	1.776	-1.615e+05
   6.1e-06	5.336e+10	-8.074e+15	1.987e+07	1.775	-1.615e+05
 6.107e-06	5.33e+10	-8.064e+15	1.989e+07	1.773	-1.615e+05
 6.115e-06	5.324e+10	-8.055e+15	1.992e+07	1.772	-1.615e+05
 6.123e-06	5.318e+10	-8.046e+15	1.994e+07	1.771	-1.615e+05
 6.131e-06	5.311e+10	-8.036e+15	1.997e+07	1.77	-1.615e+05
 6.139e-06	5.305e+10	-8.027e+15	1.999e+07	1.768	-1.615e+05
 6.146e-06	5.299e+10	-8.018e+15	2.002e+07	1.767	-1.615e+05
 6.154e-06	5.293e+10	-8.009e+15	2.004e+07	1.766	-1.615e+05
 6.162e-06	5.286e+10	-8e+15	2.007e+07	1.765	-1.615e+05
  6.17e-06	5.28e+10	-7.99e+15	2.01e+07	1.763	-1.615e+05
 6.178e-06	5.274e+10	-7.981e+15	2.012e+07	1.762	-1.615e+05
 6.185e-06	5.268e+10	-7.972e+15	2.015e+07	1.761	-1.615e+05
 6.193e-06	5.261e+10	-7.963e+15	2.017e+07	1.76	-1.615e+05
 6.201e-06	5.255e+10	-7.954e+15	2.02e+07	1.758	-1.615e+05
 6.209e-06	5.249e+10	-7.945e+15	2.022e+07	1.757	-1.615e+05
 6.217e-06	5.243e+10	-7.936e+15	2.025e+07	1.756	-1.615e+05
 6.224e-06	5.237e+10	-7.927e+15	2.027e+07	1.755	-1.615e+05
 6.232e-06	5.23e+10	-7.918e+15	2.03e+07	1.753	-1.615e+05
  6.24e-06	5.224e+10	-7.909e+15	2.032e+07	1.752	-1.615e+05
 6.248e-06	5.218e+10	-7.901e+15	2.035e+07	1.751	-1.615e+05
 6.256e-06	5.212e+10	-7.892e+15	2.038e+07	1.749	-1.615e+05
 6.263e-06	5.206e+10	-7.883e+15	2.04e+07	1.748	-1.615e+05
 6.271e-06	5.2e+10	-7.874e+15	2.043e+07	1.747	-1.615e+05
 6.279e-06	5.193e+10	-7.866e+15	2.045e+07	1.746	-1.615e+05
 6.287e-06	5.187e+10	-7.857e+15	2.048e+07	1.744	-1.615e+05
 6.295e-06	5.181e+10	-7.848e+15	2.05e+07	1.743	-1.615e+05
 6.302e-06	5.175e+10	-7.84e+15	2.053e+07	1.742	-1.615e+05
  6.31e-06	5.169e+10	-7.831e+15	2.056e+07	1.741	-1.615e+05
 6.318e-06	5.163e+10	-7.823e+15	2.058e+07	1.739	-1.615e+05
 6.326e-06	5.157e+10	-7.815e+15	2.061e+07	1.738	-1.615e+05
 6.334e-06	5.151e+10	-7.806e+15	2.063e+07	1.737	-1.615e+05
 6.341e-06	5.145e+10	-7.798e+15	2.066e+07	1.736	-1.615e+05
 6.349e-06	5.139e+10	-7.79e+15	2.069e+07	1.734	-1.615e+05
 6.357e-06	5.132e+10	-7.781e+15	2.071e+07	1.733	-1.615e+05
 6.365e-06	5.126e+10	-7.773e+15	2.074e+07	1.732	-1.615e+05
 6.373e-06	5.12e+10	-7.765e+15	2.076e+07	1.731	-1.615e+05
  6.38e-06	5.114e+10	-7.757e+15	2.079e+07	1.729	-1.615e+05
 6.388e-06	5.108e+10	-7.749e+15	2.082e+07	1.728	-1.615e+05
 6.396e-06	5.102e+10	-7.742e+15	2.084e+07	1.727	-1.615e+05
 6.404e-06	5.096e+10	-7.734e+15	2.087e+07	1.726	-1.615e+05
 6.412e-06	5.09e+10	-7.726e+15	2.09e+07	1.724	-1.615e+05
 6.419e-06	5.084e+10	-7.719e+15	2.092e+07	1.723	-1.615e+05
 6.427e-06	5.078e+10	-7.711e+15	2.095e+07	1.722	-1.615e+05
 6.435e-06	5.072e+10	-7.704e+15	2.098e+07	1.72	-1.615e+05
 6.443e-06	5.066e+10	-7.696e+15	2.1e+07	1.719	-1.615e+05
 6.451e-06	5.06e+10	-7.689e+15	2.103e+07	1.718	-1.615e+05
 6.458e-06	5.054e+10	-7.682e+15	2.105e+07	1.717	-1.615e+05
 6.466e-06	5.048e+10	-7.675e+15	2.108e+07	1.715	-1.615e+05
 6.474e-06	5.042e+10	-7.668e+15	2.111e+07	1.714	-1.615e+05
 6.482e-06	5.036e+10	-7.661e+15	2.113e+07	1.713	-1.615e+05
  6.49e-06	5.03e+10	-7.655e+15	2.116e+07	1.712	-1.615e+05
 6.497e-06	5.024e+10	-7.648e+15	2.119e+07	1.71	-1.615e+05
 6.505e-06	5.018e+10	-7.642e+15	2.121e+07	1.709	-1.615e+05
 6.513e-06	5.012e+10	-7.636e+15	2.124e+07	1.708	-1.615e+05
 6.521e-06	5.006e+10	-7.63e+15	2.127e+07	1.707	-1.615e+05
 6.529e-06	5e+10	-7.624e+15	2.129e+07	1.705	-1.615e+05
 6.536e-06	4.994e+10	-7.618e+15	2.132e+07	1.704	-1.615e+05
 6.544e-06	4.988e+10	-7.613e+15	2.135e+07	1.703	-1.615e+05
 6.552e-06	4.983e+10	-7.607e+15	2.138e+07	1.702	-1.615e+05
  6.56e-06	4.977e+10	-7.602e+15	2.14e+07	1.7	-1.615e+05
 6.568e-06	4.971e+10	-7.597e+15	2.143e+07	1.699	-1.615e+05
 6.575e-06	4.965e+10	-7.593e+15	2.146e+07	1.698	-1.615e+05
 6.583e-06	4.959e+10	-7.588e+15	2.148e+07	1.697	-1.615e+05
 6.591e-06	4.953e+10	-7.584e+15	2.151e+07	1.695	-1.615e+05
 6.599e-06	4.947e+10	-7.58e+15	2.154e+07	1.694	-1.615e+05
 6.607e-06	4.941e+10	-7.576e+15	2.156e+07	1.693	-1.615e+05
 6.614e-06	4.935e+10	-7.573e+15	2.159e+07	1.692	-1.615e+05
 6.622e-06	4.929e+10	-7.57e+15	2.162e+07	1.69	-1.615e+05
  6.63e-06	4.923e+10	-7.567e+15	2.165e+07	1.689	-1.615e+05
 6.638e-06	4.917e+10	-7.564e+15	2.167e+07	1.688	-1.615e+05
 6.646e-06	4.912e+10	-7.562e+15	2.17e+07	1.686	-1.615e+05
 6.653e-06	4.906e+10	-7.561e+15	2.173e+07	1.685	-1.615e+05
 6.661e-06	4.9e+10	-7.559e+15	2.176e+07	1.684	-1.615e+05
 6.669e-06	4.894e+10	-7.558e+15	2.178e+07	1.683	-1.615e+05
 6.677e-06	4.888e+10	-7.558e+15	2.181e+07	1.681	-1.615e+05
 6.685e-06	4.882e+10	-7.557e+15	2.184e+07	1.68	-1.615e+05
 6.692e-06	4.876e+10	-7.558e+15	2.187e+07	1.679	-1.615e+05
   6.7e-06	4.87e+10	-7.559e+15	2.189e+07	1.678	-1.615e+05
 6.708e-06	4.864e+10	-7.56e+15	2.192e+07	1.676	-1.615e+05
 6.716e-06	4.859e+10	-7.562e+15	2.195e+07	1.675	-1.615e+05
 6.724e-06	4.853e+10	-7.564e+15	2.198e+07	1.674	-1.615e+05
 6.731e-06	4.847e+10	-7.567e+15	2.2e+07	1.673	-1.615e+05
 6.739e-06	4.841e+10	-7.571e+15	2.203e+07	1.671	-1.615e+05
 6.747e-06	4.835e+10	-7.575e+15	2.206e+07	1.67	-1.615e+05
 6.755e-06	4.829e+10	-7.58e+15	2.209e+07	1.669	-1.615e+05
 6.763e-06	4.823e+10	-7.586e+15	2.211e+07	1.668	-1.615e+05
  6.77e-06	4.817e+10	-7.593e+15	2.214e+07	1.666	-1.615e+05
 6.778e-06	4.811e+10	-7.6e+15	2.217e+07	1.665	-1.615e+05
 6.786e-06	4.805e+10	-7.608e+15	2.22e+07	1.664	-1.615e+05
 6.794e-06	4.799e+10	-7.617e+15	2.223e+07	1.663	-1.615e+05
 6.802e-06	4.793e+10	-7.627e+15	2.225e+07	1.661	-1.615e+05
 6.809e-06	4.787e+10	-7.638e+15	2.228e+07	1.66	-1.615e+05
 6.817e-06	4.781e+10	-7.65e+15	2.231e+07	1.659	-1.615e+05
 6.825e-06	4.776e+10	-7.664e+15	2.234e+07	1.657	-1.615e+05
 6.833e-06	4.77e+10	-7.678e+15	2.237e+07	1.656	-1.615e+05
 6.841e-06	4.764e+10	-7.694e+15	2.24e+07	1.655	-1.615e+05
 6.848e-06	4.758e+10	-7.71e+15	2.242e+07	1.654	-1.615e+05
 6.856e-06	4.752e+10	-7.729e+15	2.245e+07	1.652	-1.615e+05
 6.864e-06	4.745e+10	-7.748e+15	2.248e+07	1.651	-1.615e+05
 6.872e-06	4.739e+10	-7.769e+15	2.251e+07	1.65	-1.615e+05
  6.88e-06	4.733e+10	-7.792e+15	2.254e+07	1.649	-1.615e+05
 6.887e-06	4.727e+10	-7.816e+15	2.257e+07	1.647	-1.615e+05
 6.895e-06	4.721e+10	-7.843e+15	2.259e+07	1.646	-1.615e+05
 6.903e-06	4.715e+10	-7.871e+15	2.262e+07	1.645	-1.615e+05
 6.911e-06	4.709e+10	-7.9e+15	2.265e+07	1.644	-1.615e+05
 6.919e-06	4.703e+10	-7.932e+15	2.268e+07	1.642	-1.615e+05
 6.926e-06	4.697e+10	-7.966e+15	2.271e+07	1.641	-1.615e+05
 6.934e-06	4.69e+10	-8.003e+15	2.274e+07	1.64	-1.615e+05
 6.942e-06	4.684e+10	-8.042e+15	2.277e+07	1.639	-1.615e+05
  6.95e-06	4.678e+10	-8.083e+15	2.279e+07	1.637	-1.615e+05
 6.958e-06	4.671e+10	-8.127e+15	2.282e+07	1.636	-1.615e+05
 6.965e-06	4.665e+10	-8.173e+15	2.285e+07	1.635	-1.615e+05
 6.973e-06	4.659e+10	-8.223e+15	2.288e+07	1.634	-1.615e+05
 6.981e-06	4.652e+10	-8.275e+15	2.291e+07	1.632	-1.615e+05
 6.989e-06	4.646e+10	-8.331e+15	2.294e+07	1.631	-1.615e+05
 6.997e-06	4.639e+10	-8.391e+15	2.297e+07	1.63	-1.615e+05
 7.004e-06	4.633e+10	-8.453e+15	2.3e+07	1.629	-1.615e+05
 7.012e-06	4.626e+10	-8.52e+15	2.302e+07	1.627	-1.615e+05
  7.02e-06	4.619e+10	-8.591e+15	2.305e+07	1.626	-1.615e+05
 7.028e-06	4.613e+10	-8.666e+15	2.308e+07	1.625	-1.615e+05
 7.036e-06	4.606e+10	-8.745e+15	2.311e+07	1.623	-1.615e+05
 7.043e-06	4.599e+10	-8.829e+15	2.314e+07	1.622	-1.615e+05
 7.051e-06	4.592e+10	-8.917e+15	2.317e+07	1.621	-1.615e+05
 7.059e-06	4.585e+10	-9.011e+15	2.32e+07	1.62	-1.615e+05
 7.067e-06	4.578e+10	-9.111e+15	2.323e+07	1.618	-1.615e+05
 7.075e-06	4.571e+10	-9.216e+15	2.326e+07	1.617	-1.615e+05
 7.082e-06	4.564e+10	-9.327e+15	2.329e+07	1.616	-1.615e+05
  7.09e-06	4.556e+10	-9.444e+15	2.332e+07	1.615	-1.615e+05
 7.098e-06	4.549e+10	-9.568e+15	2.335e+07	1.613	-1.615e+05
 7.106e-06	4.541e+10	-9.699e+15	2.338e+07	1.612	-1.615e+05
 7.114e-06	4.534e+10	-9.837e+15	2.341e+07	1.611	-1.615e+05
 7.121e-06	4.526e+10	-9.983e+15	2.343e+07	1.61	-1.615e+05
 7.129e-06	4.518e+10	-1.014e+16	2.346e+07	1.608	-1.615e+05
 7.137e-06	4.51e+10	-1.03e+16	2.349e+07	1.607	-1.615e+05
 7.145e-06	4.502e+10	-1.047e+16	2.352e+07	1.606	-1.615e+05
 7.153e-06	4.494e+10	-1.065e+16	2.355e+07	1.605	-1.615e+05
  7.16e-06	4.486e+10	-1.085e+16	2.358e+07	1.603	-1.615e+05
 7.168e-06	4.477e+10	-1.105e+16	2.361e+07	1.602	-1.615e+05
 7.176e-06	4.468e+10	-1.126e+16	2.364e+07	1.601	-1.615e+05
 7.184e-06	4.459e+10	-1.149e+16	2.367e+07	1.6	-1.615e+05
 7.192e-06	4.45e+10	-1.172e+16	2.37e+07	1.598	-1.615e+05
 7.199e-06	4.441e+10	-1.197e+16	2.373e+07	1.597	-1.615e+05
 7.207e-06	4.432e+10	-1.224e+16	2.376e+07	1.596	-1.615e+05
 7.215e-06	4.422e+10	-1.252e+16	2.379e+07	1.594	-1.615e+05
 7.223e-06	4.412e+10	-1.281e+16	2.382e+07	1.593	-1.615e+05
 7.231e-06	4.402e+10	-1.312e+16	2.385e+07	1.592	-1.615e+05
 7.238e-06	4.392e+10	-1.345e+16	2.388e+07	1.591	-1.615e+05
 7.246e-06	4.381e+10	-1.379e+16	2.391e+07	1.589	-1.615e+05
 7.254e-06	4.37e+10	-1.415e+16	2.394e+07	1.588	-1.615e+05
 7.262e-06	4.359e+10	-1.454e+16	2.397e+07	1.587	-1.615e+05
  7.27e-06	4.348e+10	-1.494e+16	2.4e+07	1.586	-1.615e+05
 7.277e-06	4.336e+10	-1.537e+16	2.403e+07	1.584	-1.615e+05
 7.285e-06	4.324e+10	-1.581e+16	2.406e+07	1.583	-1.615e+05
 7.293e-06	4.311e+10	-1.629e+16	2.409e+07	1.582	-1.615e+05
 7.301e-06	4.298e+10	-1.678e+16	2.412e+07	1.581	-1.615e+05
 7.309e-06	4.285e+10	-1.731e+16	2.415e+07	1.579	-1.615e+05
 7.316e-06	4.271e+10	-1.786e+16	2.418e+07	1.578	-1.615e+05
 7.324e-06	4.257e+10	-1.844e+16	2.422e+07	1.577	-1.615e+05
 7.332e-06	4.242e+10	-1.906e+16	2.425e+07	1.576	-1.615e+05
  7.34e-06	4.227e+10	-1.97e+16	2.428e+07	1.574	-1.615e+05
 7.348e-06	4.212e+10	-2.038e+16	2.431e+07	1.573	-1.615e+05
 7.355e-06	4.195e+10	-2.11e+16	2.434e+07	1.572	-1.615e+05
 7.363e-06	4.179e+10	-2.186e+16	2.437e+07	1.571	-1.615e+05
 7.371e-06	4.161e+10	-2.265e+16	2.44e+07	1.569	-1.615e+05
 7.379e-06	4.143e+10	-2.349e+16	2.443e+07	1.568	-1.615e+05
 7.387e-06	4.125e+10	-2.437e+16	2.446e+07	1.567	-1.615e+05
 7.394e-06	4.105e+10	-2.531e+16	2.449e+07	1.566	-1.615e+05
 7.402e-06	4.085e+10	-2.629e+16	2.452e+07	1.564	-1.615e+05
  7.41e-06	4.064e+10	-2.732e+16	2.455e+07	1.563	-1.615e+05
 7.418e-06	4.043e+10	-2.841e+16	2.458e+07	1.562	-1.615e+05
 7.426e-06	4.02e+10	-2.955e+16	2.461e+07	1.56	-1.615e+05
 7.433e-06	3.997e+10	-3.076e+16	2.465e+07	1.559	-1.615e+05
 7.441e-06	3.972e+10	-3.203e+16	2.468e+07	1.558	-1.615e+05
 7.449e-06	3.947e+10	-3.337e+16	2.471e+07	1.557	-1.615e+05
 7.457e-06	3.92e+10	-3.478e+16	2.474e+07	1.555	-1.615e+05
 7.465e-06	3.892e+10	-3.627e+16	2.477e+07	1.554	-1.615e+05
 7.472e-06	3.863e+10	-3.783e+16	2.48e+07	1.553	-1.615e+05
  7.48e-06	3.833e+10	-3.948e+16	2.483e+07	1.552	-1.615e+05
 7.488e-06	3.802e+10	-4.122e+16	2.486e+07	1.55	-1.615e+05
 7.496e-06	3.769e+10	-4.305e+16	2.49e+07	1.549	-1.615e+05
 7.504e-06	3.735e+10	-4.497e+16	2.493e+07	1.548	-1.615e+05
 7.511e-06	3.699e+10	-4.7e+16	2.496e+07	1.547	-1.615e+05
 7.519e-06	3.661e+10	-4.913e+16	2.499e+07	1.545	-1.615e+05
 7.527e-06	3.622e+10	-5.138e+16	2.502e+07	1.544	-1.615e+05
 7.535e-06	3.581e+10	-5.375e+16	2.505e+07	1.543	-1.615e+05
 7.543e-06	3.538e+10	-5.625e+16	2.508e+07	1.542	-1.615e+05
  7.55e-06	3.493e+10	-5.887e+16	2.512e+07	1.54	-1.615e+05
 7.558e-06	3.446e+10	-6.164e+16	2.515e+07	1.539	-1.615e+05
 7.566e-06	3.397e+10	-6.455e+16	2.518e+07	1.538	-1.615e+05
 7.574e-06	3.346e+10	-6.762e+16	2.521e+07	1.537	-1.615e+05
 7.582e-06	3.292e+10	-7.085e+16	2.524e+07	1.535	-1.615e+05
 7.589e-06	3.235e+10	-7.425e+16	2.527e+07	1.534	-1.615e+05
 7.597e-06	3.176e+10	-7.784e+16	2.531e+07	1.533	-1.615e+05
 7.605e-06	3.114e+10	-8.161e+16	2.534e+07	1.531	-1.615e+05
 7.613e-06	3.049e+10	-8.558e+16	2.537e+07	1.53	-1.615e+05
 7.621e-06	2.98e+10	-8.977e+16	2.54e+07	1.529	-1.615e+05
 7.628e-06	2.909e+10	-9.417e+16	2.543e+07	1.528	-1.615e+05
 7.636e-06	2.833e+10	-9.881e+16	2.547e+07	1.526	-1.615e+05
 7.644e-06	2.754e+10	-1.037e+17	2.55e+07	1.525	-1.615e+05
 7.652e-06	2.672e+10	-1.088e+17	2.553e+07	1.524	-1.615e+05
  7.66e-06	2.585e+10	-1.143e+17	2.556e+07	1.523	-1.615e+05
 7.667e-06	2.493e+10	-1.2e+17	2.56e+07	1.521	-1.615e+05
 7.675e-06	2.398e+10	-1.26e+17	2.563e+07	1.52	-1.615e+05
 7.683e-06	2.297e+10	-1.323e+17	2.566e+07	1.519	-1.615e+05
 7.691e-06	2.191e+10	-1.39e+17	2.569e+07	1.518	-1.615e+05
 7.699e-06	2.08e+10	-1.46e+17	2.572e+07	1.516	-1.615e+05
 7.706e-06	1.963e+10	-1.534e+17	2.576e+07	1.515	-1.615e+05
 7.714e-06	1.841e+10	-1.611e+17	2.579e+07	1.514	-1.615e+05
 7.722e-06	1.712e+10	-1.693e+17	2.582e+07	1.513	-1.615e+05
  7.73e-06	1.577e+10	-1.779e+17	2.585e+07	1.511	-1.615e+05
 7.738e-06	1.435e+10	-1.87e+17	2.589e+07	1.51	-1.615e+05
 7.745e-06	1.285e+10	-1.966e+17	2.592e+07	1.509	-1.615e+05
 7.753e-06	1.128e+10	-2.066e+17	2.595e+07	1.508	-1.615e+05
 7.761e-06	9.626e+09	-2.172e+17	2.599e+07	1.506	-1.615e+05
 7.769e-06	7.889e+09	-2.284e+17	2.602e+07	1.505	-1.615e+05
 7.777e-06	6.063e+09	-2.402e+17	2.605e+07	1.504	-1.615e+05
 7.784e-06	4.143e+09	-2.525e+17	2.608e+07	1.503	-1.615e+05
 7.792e-06	2.124e+09	-2.656e+17	2.612e+07	1.501	-1.615e+05
   7.8e-06	0	0	2.615e+07	1.5	-1.615e+05
