  x  	  n(x)  	  dndx(x)  	  Alfa  	  Band gap  	  EQ Field

         0	3.905e+11	0	2.615e+07	1.5	0
   7.8e-09	3.942e+11	3.942e+17	2.615e+07	1.5	0
  1.56e-08	3.966e+11	2.463e+17	2.615e+07	1.5	0
  2.34e-08	3.98e+11	1.263e+17	2.615e+07	1.5	0
  3.12e-08	3.986e+11	2.895e+16	2.615e+07	1.5	0
   3.9e-08	3.985e+11	-4.982e+16	2.615e+07	1.5	0
  4.68e-08	3.978e+11	-1.135e+17	2.615e+07	1.5	0
  5.46e-08	3.967e+11	-1.648e+17	2.615e+07	1.5	0
  6.24e-08	3.953e+11	-2.062e+17	2.615e+07	1.5	0
  7.02e-08	3.935e+11	-2.393e+17	2.615e+07	1.5	0
   7.8e-08	3.915e+11	-2.658e+17	2.615e+07	1.5	0
  8.58e-08	3.894e+11	-2.868e+17	2.615e+07	1.5	0
  9.36e-08	3.87e+11	-3.034e+17	2.615e+07	1.5	0
 1.014e-07	3.846e+11	-3.164e+17	2.615e+07	1.5	0
 1.092e-07	3.821e+11	-3.265e+17	2.615e+07	1.5	0
  1.17e-07	3.795e+11	-3.342e+17	2.615e+07	1.5	0
 1.248e-07	3.769e+11	-3.399e+17	2.615e+07	1.5	0
 1.326e-07	3.742e+11	-3.441e+17	2.615e+07	1.5	0
 1.404e-07	3.715e+11	-3.469e+17	2.615e+07	1.5	0
 1.482e-07	3.688e+11	-3.488e+17	2.615e+07	1.5	0
  1.56e-07	3.661e+11	-3.497e+17	2.615e+07	1.5	0
 1.638e-07	3.634e+11	-3.5e+17	2.615e+07	1.5	0
 1.716e-07	3.606e+11	-3.498e+17	2.615e+07	1.5	0
 1.794e-07	3.579e+11	-3.49e+17	2.615e+07	1.5	0
 1.872e-07	3.552e+11	-3.479e+17	2.615e+07	1.5	0
  1.95e-07	3.525e+11	-3.466e+17	2.615e+07	1.5	0
 2.028e-07	3.498e+11	-3.45e+17	2.615e+07	1.5	0
 2.106e-07	3.471e+11	-3.432e+17	2.615e+07	1.5	0
 2.184e-07	3.444e+11	-3.412e+17	2.615e+07	1.5	0
 2.262e-07	3.418e+11	-3.392e+17	2.615e+07	1.5	0
  2.34e-07	3.391e+11	-3.37e+17	2.615e+07	1.5	0
 2.418e-07	3.365e+11	-3.348e+17	2.615e+07	1.5	0
 2.496e-07	3.339e+11	-3.325e+17	2.615e+07	1.5	0
 2.574e-07	3.313e+11	-3.302e+17	2.615e+07	1.5	0
 2.652e-07	3.288e+11	-3.278e+17	2.615e+07	1.5	0
  2.73e-07	3.262e+11	-3.254e+17	2.615e+07	1.5	0
 2.808e-07	3.237e+11	-3.231e+17	2.615e+07	1.5	0
 2.886e-07	3.212e+11	-3.207e+17	2.615e+07	1.5	0
 2.964e-07	3.187e+11	-3.183e+17	2.615e+07	1.5	0
 3.042e-07	3.162e+11	-3.159e+17	2.615e+07	1.5	0
  3.12e-07	3.137e+11	-3.135e+17	2.615e+07	1.5	0
 3.198e-07	3.113e+11	-3.111e+17	2.615e+07	1.5	0
 3.276e-07	3.089e+11	-3.087e+17	2.615e+07	1.5	0
 3.354e-07	3.065e+11	-3.064e+17	2.615e+07	1.5	0
 3.432e-07	3.041e+11	-3.04e+17	2.615e+07	1.5	0
  3.51e-07	3.018e+11	-3.017e+17	2.615e+07	1.5	0
 3.588e-07	2.994e+11	-2.993e+17	2.615e+07	1.5	0
 3.666e-07	2.971e+11	-2.97e+17	2.615e+07	1.5	0
 3.744e-07	2.948e+11	-2.947e+17	2.615e+07	1.5	0
 3.822e-07	2.925e+11	-2.924e+17	2.615e+07	1.5	0
   3.9e-07	2.902e+11	-2.902e+17	2.615e+07	1.5	0
 3.978e-07	2.88e+11	-2.879e+17	2.615e+07	1.5	0
 4.056e-07	2.857e+11	-2.857e+17	2.615e+07	1.5	0
 4.134e-07	2.835e+11	-2.835e+17	2.615e+07	1.5	0
 4.212e-07	2.813e+11	-2.813e+17	2.615e+07	1.5	0
  4.29e-07	2.791e+11	-2.791e+17	2.615e+07	1.5	0
 4.368e-07	2.769e+11	-2.769e+17	2.615e+07	1.5	0
 4.446e-07	2.748e+11	-2.748e+17	2.615e+07	1.5	0
 4.524e-07	2.727e+11	-2.727e+17	2.615e+07	1.5	0
 4.602e-07	2.705e+11	-2.705e+17	2.615e+07	1.5	0
  4.68e-07	2.684e+11	-2.684e+17	2.615e+07	1.5	0
 4.758e-07	2.664e+11	-2.664e+17	2.615e+07	1.5	0
 4.836e-07	2.643e+11	-2.643e+17	2.615e+07	1.5	0
 4.914e-07	2.622e+11	-2.622e+17	2.615e+07	1.5	0
 4.992e-07	2.602e+11	-2.602e+17	2.615e+07	1.5	0
  5.07e-07	2.582e+11	-2.582e+17	2.615e+07	1.5	0
 5.148e-07	2.562e+11	-2.562e+17	2.615e+07	1.5	0
 5.226e-07	2.542e+11	-2.542e+17	2.615e+07	1.5	0
 5.304e-07	2.522e+11	-2.522e+17	2.615e+07	1.5	0
 5.382e-07	2.502e+11	-2.502e+17	2.615e+07	1.5	0
  5.46e-07	2.483e+11	-2.483e+17	2.615e+07	1.5	0
 5.538e-07	2.464e+11	-2.464e+17	2.615e+07	1.5	0
 5.616e-07	2.445e+11	-2.445e+17	2.615e+07	1.5	0
 5.694e-07	2.426e+11	-2.426e+17	2.615e+07	1.5	0
 5.772e-07	2.407e+11	-2.407e+17	2.615e+07	1.5	0
  5.85e-07	2.388e+11	-2.388e+17	2.615e+07	1.5	0
 5.928e-07	2.369e+11	-2.369e+17	2.615e+07	1.5	0
 6.006e-07	2.351e+11	-2.351e+17	2.615e+07	1.5	0
 6.084e-07	2.333e+11	-2.333e+17	2.615e+07	1.5	0
 6.162e-07	2.315e+11	-2.315e+17	2.615e+07	1.5	0
  6.24e-07	2.297e+11	-2.297e+17	2.615e+07	1.5	0
 6.318e-07	2.279e+11	-2.279e+17	2.615e+07	1.5	0
 6.396e-07	2.261e+11	-2.261e+17	2.615e+07	1.5	0
 6.474e-07	2.244e+11	-2.244e+17	2.615e+07	1.5	0
 6.552e-07	2.226e+11	-2.226e+17	2.615e+07	1.5	0
  6.63e-07	2.209e+11	-2.209e+17	2.615e+07	1.5	0
 6.708e-07	2.192e+11	-2.192e+17	2.615e+07	1.5	0
 6.786e-07	2.175e+11	-2.175e+17	2.615e+07	1.5	0
 6.864e-07	2.158e+11	-2.158e+17	2.615e+07	1.5	0
 6.942e-07	2.141e+11	-2.141e+17	2.615e+07	1.5	0
  7.02e-07	2.124e+11	-2.124e+17	2.615e+07	1.5	0
 7.098e-07	2.108e+11	-2.108e+17	2.615e+07	1.5	0
 7.176e-07	2.091e+11	-2.091e+17	2.615e+07	1.5	0
 7.254e-07	2.075e+11	-2.075e+17	2.615e+07	1.5	0
 7.332e-07	2.059e+11	-2.059e+17	2.615e+07	1.5	0
  7.41e-07	2.043e+11	-2.043e+17	2.615e+07	1.5	0
 7.488e-07	2.027e+11	-2.027e+17	2.615e+07	1.5	0
 7.566e-07	2.011e+11	-2.011e+17	2.615e+07	1.5	0
 7.644e-07	1.996e+11	-1.996e+17	2.615e+07	1.5	0
 7.722e-07	1.98e+11	-1.98e+17	2.615e+07	1.5	0
   7.8e-07	1.965e+11	-1.965e+17	2.615e+07	1.5	0
 7.878e-07	1.95e+11	-1.95e+17	2.615e+07	1.5	0
 7.956e-07	1.935e+11	-1.935e+17	2.615e+07	1.5	0
 8.034e-07	1.919e+11	-1.92e+17	2.615e+07	1.5	0
 8.112e-07	1.905e+11	-1.905e+17	2.615e+07	1.5	0
  8.19e-07	1.89e+11	-1.89e+17	2.615e+07	1.5	0
 8.268e-07	1.875e+11	-1.875e+17	2.615e+07	1.5	0
 8.346e-07	1.861e+11	-1.861e+17	2.615e+07	1.5	0
 8.424e-07	1.846e+11	-1.846e+17	2.615e+07	1.5	0
 8.502e-07	1.832e+11	-1.832e+17	2.615e+07	1.5	0
  8.58e-07	1.817e+11	-1.818e+17	2.615e+07	1.5	0
 8.658e-07	1.803e+11	-1.803e+17	2.615e+07	1.5	0
 8.736e-07	1.789e+11	-1.789e+17	2.615e+07	1.5	0
 8.814e-07	1.775e+11	-1.775e+17	2.615e+07	1.5	0
 8.892e-07	1.762e+11	-1.762e+17	2.615e+07	1.5	0
  8.97e-07	1.748e+11	-1.748e+17	2.615e+07	1.5	0
 9.048e-07	1.734e+11	-1.734e+17	2.615e+07	1.5	0
 9.126e-07	1.721e+11	-1.721e+17	2.615e+07	1.5	0
 9.204e-07	1.708e+11	-1.708e+17	2.615e+07	1.5	0
 9.282e-07	1.694e+11	-1.694e+17	2.615e+07	1.5	0
  9.36e-07	1.681e+11	-1.681e+17	2.615e+07	1.5	0
 9.438e-07	1.668e+11	-1.668e+17	2.615e+07	1.5	0
 9.516e-07	1.655e+11	-1.655e+17	2.615e+07	1.5	0
 9.594e-07	1.642e+11	-1.642e+17	2.615e+07	1.5	0
 9.672e-07	1.629e+11	-1.629e+17	2.615e+07	1.5	0
  9.75e-07	1.617e+11	-1.617e+17	2.615e+07	1.5	0
 9.828e-07	1.604e+11	-1.604e+17	2.615e+07	1.5	0
 9.906e-07	1.592e+11	-1.592e+17	2.615e+07	1.5	0
 9.984e-07	1.579e+11	-1.579e+17	2.615e+07	1.5	0
 1.006e-06	1.567e+11	-1.567e+17	2.615e+07	1.5	0
 1.014e-06	1.555e+11	-1.555e+17	2.615e+07	1.5	0
 1.022e-06	1.543e+11	-1.543e+17	2.615e+07	1.5	0
  1.03e-06	1.531e+11	-1.531e+17	2.615e+07	1.5	0
 1.037e-06	1.519e+11	-1.519e+17	2.615e+07	1.5	0
 1.045e-06	1.507e+11	-1.507e+17	2.615e+07	1.5	0
 1.053e-06	1.495e+11	-1.496e+17	2.615e+07	1.5	0
 1.061e-06	1.484e+11	-1.484e+17	2.615e+07	1.5	0
 1.069e-06	1.472e+11	-1.472e+17	2.615e+07	1.5	0
 1.076e-06	1.461e+11	-1.461e+17	2.615e+07	1.5	0
 1.084e-06	1.45e+11	-1.45e+17	2.615e+07	1.5	0
 1.092e-06	1.438e+11	-1.438e+17	2.615e+07	1.5	0
   1.1e-06	1.427e+11	-1.427e+17	2.615e+07	1.5	0
 1.108e-06	1.416e+11	-1.416e+17	2.615e+07	1.5	0
 1.115e-06	1.405e+11	-1.405e+17	2.615e+07	1.5	0
 1.123e-06	1.394e+11	-1.394e+17	2.615e+07	1.5	0
 1.131e-06	1.383e+11	-1.383e+17	2.615e+07	1.5	0
 1.139e-06	1.373e+11	-1.373e+17	2.615e+07	1.5	0
 1.147e-06	1.362e+11	-1.362e+17	2.615e+07	1.5	0
 1.154e-06	1.351e+11	-1.351e+17	2.615e+07	1.5	0
 1.162e-06	1.341e+11	-1.341e+17	2.615e+07	1.5	0
  1.17e-06	1.33e+11	-1.33e+17	2.615e+07	1.5	0
 1.178e-06	1.32e+11	-1.32e+17	2.615e+07	1.5	0
 1.186e-06	1.31e+11	-1.31e+17	2.615e+07	1.5	0
 1.193e-06	1.3e+11	-1.3e+17	2.615e+07	1.5	0
 1.201e-06	1.29e+11	-1.29e+17	2.615e+07	1.5	0
 1.209e-06	1.279e+11	-1.28e+17	2.615e+07	1.5	0
 1.217e-06	1.27e+11	-1.27e+17	2.615e+07	1.5	0
 1.225e-06	1.26e+11	-1.26e+17	2.615e+07	1.5	0
 1.232e-06	1.25e+11	-1.25e+17	2.615e+07	1.5	0
  1.24e-06	1.24e+11	-1.24e+17	2.615e+07	1.5	0
 1.248e-06	1.231e+11	-1.231e+17	2.615e+07	1.5	0
 1.256e-06	1.221e+11	-1.221e+17	2.615e+07	1.5	0
 1.264e-06	1.212e+11	-1.212e+17	2.615e+07	1.5	0
 1.271e-06	1.202e+11	-1.202e+17	2.615e+07	1.5	0
 1.279e-06	1.193e+11	-1.193e+17	2.615e+07	1.5	0
 1.287e-06	1.183e+11	-1.183e+17	2.615e+07	1.5	0
 1.295e-06	1.174e+11	-1.174e+17	2.615e+07	1.5	0
 1.303e-06	1.165e+11	-1.165e+17	2.615e+07	1.5	0
  1.31e-06	1.156e+11	-1.156e+17	2.615e+07	1.5	0
 1.318e-06	1.147e+11	-1.147e+17	2.615e+07	1.5	0
 1.326e-06	1.138e+11	-1.138e+17	2.615e+07	1.5	0
 1.334e-06	1.129e+11	-1.129e+17	2.615e+07	1.5	0
 1.342e-06	1.121e+11	-1.121e+17	2.615e+07	1.5	0
 1.349e-06	1.112e+11	-1.112e+17	2.615e+07	1.5	0
 1.357e-06	1.103e+11	-1.103e+17	2.615e+07	1.5	0
 1.365e-06	1.095e+11	-1.095e+17	2.615e+07	1.5	0
 1.373e-06	1.086e+11	-1.086e+17	2.615e+07	1.5	0
 1.381e-06	1.078e+11	-1.078e+17	2.615e+07	1.5	0
 1.388e-06	1.069e+11	-1.069e+17	2.615e+07	1.5	0
 1.396e-06	1.061e+11	-1.061e+17	2.615e+07	1.5	0
 1.404e-06	1.053e+11	-1.053e+17	2.615e+07	1.5	0
 1.412e-06	1.045e+11	-1.045e+17	2.615e+07	1.5	0
  1.42e-06	1.037e+11	-1.037e+17	2.615e+07	1.5	0
 1.427e-06	1.028e+11	-1.028e+17	2.615e+07	1.5	0
 1.435e-06	1.02e+11	-1.02e+17	2.615e+07	1.5	0
 1.443e-06	1.013e+11	-1.013e+17	2.615e+07	1.5	0
 1.451e-06	1.005e+11	-1.005e+17	2.615e+07	1.5	0
 1.459e-06	9.969e+10	-9.969e+16	2.615e+07	1.5	0
 1.466e-06	9.891e+10	-9.891e+16	2.615e+07	1.5	0
 1.474e-06	9.814e+10	-9.814e+16	2.615e+07	1.5	0
 1.482e-06	9.738e+10	-9.738e+16	2.615e+07	1.5	0
  1.49e-06	9.662e+10	-9.663e+16	2.615e+07	1.5	0
 1.498e-06	9.587e+10	-9.587e+16	2.615e+07	1.5	0
 1.505e-06	9.513e+10	-9.513e+16	2.615e+07	1.5	0
 1.513e-06	9.439e+10	-9.439e+16	2.615e+07	1.5	0
 1.521e-06	9.366e+10	-9.366e+16	2.615e+07	1.5	0
 1.529e-06	9.293e+10	-9.293e+16	2.615e+07	1.5	0
 1.537e-06	9.221e+10	-9.221e+16	2.615e+07	1.5	0
 1.544e-06	9.149e+10	-9.149e+16	2.615e+07	1.5	0
 1.552e-06	9.078e+10	-9.078e+16	2.615e+07	1.5	0
  1.56e-06	9.007e+10	-9.008e+16	2.615e+07	1.5	0
 1.568e-06	8.937e+10	-8.938e+16	2.615e+07	1.5	0
 1.576e-06	8.868e+10	-8.868e+16	2.615e+07	1.5	0
 1.583e-06	8.799e+10	-8.799e+16	2.615e+07	1.5	0
 1.591e-06	8.731e+10	-8.731e+16	2.615e+07	1.5	0
 1.599e-06	8.663e+10	-8.663e+16	2.615e+07	1.5	0
 1.607e-06	8.596e+10	-8.596e+16	2.615e+07	1.5	0
 1.615e-06	8.529e+10	-8.529e+16	2.615e+07	1.5	0
 1.622e-06	8.462e+10	-8.463e+16	2.615e+07	1.5	0
  1.63e-06	8.397e+10	-8.397e+16	2.615e+07	1.5	0
 1.638e-06	8.331e+10	-8.332e+16	2.615e+07	1.5	0
 1.646e-06	8.267e+10	-8.267e+16	2.615e+07	1.5	0
 1.654e-06	8.203e+10	-8.203e+16	2.615e+07	1.5	0
 1.661e-06	8.139e+10	-8.139e+16	2.615e+07	1.5	0
 1.669e-06	8.076e+10	-8.076e+16	2.615e+07	1.5	0
 1.677e-06	8.013e+10	-8.013e+16	2.615e+07	1.5	0
 1.685e-06	7.951e+10	-7.951e+16	2.615e+07	1.5	0
 1.693e-06	7.889e+10	-7.889e+16	2.615e+07	1.5	0
   1.7e-06	7.827e+10	-7.828e+16	2.615e+07	1.5	0
 1.708e-06	7.767e+10	-7.767e+16	2.615e+07	1.5	0
 1.716e-06	7.706e+10	-7.706e+16	2.615e+07	1.5	0
 1.724e-06	7.646e+10	-7.647e+16	2.615e+07	1.5	0
 1.732e-06	7.587e+10	-7.587e+16	2.615e+07	1.5	0
 1.739e-06	7.528e+10	-7.528e+16	2.615e+07	1.5	0
 1.747e-06	7.47e+10	-7.47e+16	2.615e+07	1.5	0
 1.755e-06	7.412e+10	-7.412e+16	2.615e+07	1.5	0
 1.763e-06	7.354e+10	-7.354e+16	2.615e+07	1.5	0
 1.771e-06	7.297e+10	-7.297e+16	2.615e+07	1.5	0
 1.778e-06	7.24e+10	-7.24e+16	2.615e+07	1.5	0
 1.786e-06	7.184e+10	-7.184e+16	2.615e+07	1.5	0
 1.794e-06	7.128e+10	-7.128e+16	2.615e+07	1.5	0
 1.802e-06	7.073e+10	-7.073e+16	2.615e+07	1.5	0
  1.81e-06	7.018e+10	-7.018e+16	2.615e+07	1.5	0
 1.817e-06	6.963e+10	-6.963e+16	2.615e+07	1.5	0
 1.825e-06	6.909e+10	-6.909e+16	2.615e+07	1.5	0
 1.833e-06	6.855e+10	-6.856e+16	2.615e+07	1.5	0
 1.841e-06	6.802e+10	-6.802e+16	2.615e+07	1.5	0
 1.849e-06	6.749e+10	-6.749e+16	2.615e+07	1.5	0
 1.856e-06	6.697e+10	-6.697e+16	2.615e+07	1.5	0
 1.864e-06	6.645e+10	-6.645e+16	2.615e+07	1.5	0
 1.872e-06	6.593e+10	-6.593e+16	2.615e+07	1.5	0
  1.88e-06	6.542e+10	-6.542e+16	2.615e+07	1.5	0
 1.888e-06	6.491e+10	-6.491e+16	2.615e+07	1.5	0
 1.895e-06	6.441e+10	-6.441e+16	2.615e+07	1.5	0
 1.903e-06	6.391e+10	-6.391e+16	2.615e+07	1.5	0
 1.911e-06	6.341e+10	-6.341e+16	2.615e+07	1.5	0
 1.919e-06	6.292e+10	-6.292e+16	2.615e+07	1.5	0
 1.927e-06	6.243e+10	-6.243e+16	2.615e+07	1.5	0
 1.934e-06	6.194e+10	-6.195e+16	2.615e+07	1.5	0
 1.942e-06	6.146e+10	-6.146e+16	2.615e+07	1.5	0
  1.95e-06	6.098e+10	-6.099e+16	2.615e+07	1.5	0
 1.958e-06	6.051e+10	-6.051e+16	2.615e+07	1.5	0
 1.966e-06	6.004e+10	-6.004e+16	2.615e+07	1.5	0
 1.973e-06	5.957e+10	-5.958e+16	2.615e+07	1.5	0
 1.981e-06	5.911e+10	-5.911e+16	2.615e+07	1.5	0
 1.989e-06	5.865e+10	-5.865e+16	2.615e+07	1.5	0
 1.997e-06	5.82e+10	-5.82e+16	2.615e+07	1.5	0
 2.005e-06	5.774e+10	-5.775e+16	2.615e+07	1.5	0
 2.012e-06	5.73e+10	-5.73e+16	2.615e+07	1.5	0
  2.02e-06	5.685e+10	-5.685e+16	2.615e+07	1.5	0
 2.028e-06	5.641e+10	-5.641e+16	2.615e+07	1.5	0
 2.036e-06	5.597e+10	-5.597e+16	2.615e+07	1.5	0
 2.044e-06	5.554e+10	-5.554e+16	2.615e+07	1.5	0
 2.051e-06	5.51e+10	-5.511e+16	2.615e+07	1.5	0
 2.059e-06	5.468e+10	-5.468e+16	2.615e+07	1.5	0
 2.067e-06	5.425e+10	-5.425e+16	2.615e+07	1.5	0
 2.075e-06	5.383e+10	-5.383e+16	2.615e+07	1.5	0
 2.083e-06	5.341e+10	-5.341e+16	2.615e+07	1.5	0
  2.09e-06	5.3e+10	-5.3e+16	2.615e+07	1.5	0
 2.098e-06	5.258e+10	-5.259e+16	2.615e+07	1.5	0
 2.106e-06	5.218e+10	-5.218e+16	2.615e+07	1.5	0
 2.114e-06	5.177e+10	-5.177e+16	2.615e+07	1.5	0
 2.122e-06	5.137e+10	-5.137e+16	2.615e+07	1.5	0
 2.129e-06	5.097e+10	-5.097e+16	2.615e+07	1.5	0
 2.137e-06	5.057e+10	-5.057e+16	2.615e+07	1.5	0
 2.145e-06	5.018e+10	-5.018e+16	2.615e+07	1.5	0
 2.153e-06	4.979e+10	-4.979e+16	2.615e+07	1.5	0
 2.161e-06	4.94e+10	-4.941e+16	2.615e+07	1.5	0
 2.168e-06	4.902e+10	-4.902e+16	2.615e+07	1.5	0
 2.176e-06	4.864e+10	-4.864e+16	2.615e+07	1.5	0
 2.184e-06	4.826e+10	-4.826e+16	2.615e+07	1.5	0
 2.192e-06	4.789e+10	-4.789e+16	2.615e+07	1.5	0
   2.2e-06	4.751e+10	-4.752e+16	2.615e+07	1.5	0
 2.207e-06	4.714e+10	-4.715e+16	2.615e+07	1.5	0
 2.215e-06	4.678e+10	-4.678e+16	2.615e+07	1.5	0
 2.223e-06	4.641e+10	-4.642e+16	2.615e+07	1.5	0
 2.231e-06	4.605e+10	-4.606e+16	2.615e+07	1.5	0
 2.239e-06	4.57e+10	-4.57e+16	2.615e+07	1.5	0
 2.246e-06	4.534e+10	-4.534e+16	2.615e+07	1.5	0
 2.254e-06	4.499e+10	-4.499e+16	2.615e+07	1.5	0
 2.262e-06	4.464e+10	-4.464e+16	2.615e+07	1.5	0
  2.27e-06	4.429e+10	-4.429e+16	2.615e+07	1.5	0
 2.278e-06	4.395e+10	-4.395e+16	2.615e+07	1.5	0
 2.285e-06	4.361e+10	-4.361e+16	2.615e+07	1.5	0
 2.293e-06	4.327e+10	-4.327e+16	2.615e+07	1.5	0
 2.301e-06	4.293e+10	-4.293e+16	2.615e+07	1.5	0
 2.309e-06	4.26e+10	-4.26e+16	2.615e+07	1.5	0
 2.317e-06	4.227e+10	-4.227e+16	2.615e+07	1.5	0
 2.324e-06	4.194e+10	-4.194e+16	2.615e+07	1.5	0
 2.332e-06	4.161e+10	-4.161e+16	2.615e+07	1.5	0
  2.34e-06	4.129e+10	-4.129e+16	2.615e+07	1.5	0
 2.348e-06	4.097e+10	-4.097e+16	2.615e+07	1.5	0
 2.356e-06	4.065e+10	-4.065e+16	2.615e+07	1.5	0
 2.363e-06	4.033e+10	-4.034e+16	2.615e+07	1.5	0
 2.371e-06	4.002e+10	-4.002e+16	2.615e+07	1.5	0
 2.379e-06	3.971e+10	-3.971e+16	2.615e+07	1.5	0
 2.387e-06	3.94e+10	-3.94e+16	2.615e+07	1.5	0
 2.395e-06	3.91e+10	-3.91e+16	2.615e+07	1.5	0
 2.402e-06	3.879e+10	-3.879e+16	2.615e+07	1.5	0
  2.41e-06	3.849e+10	-3.849e+16	2.615e+07	1.5	0
 2.418e-06	3.819e+10	-3.819e+16	2.615e+07	1.5	0
 2.426e-06	3.789e+10	-3.79e+16	2.615e+07	1.5	0
 2.434e-06	3.76e+10	-3.76e+16	2.615e+07	1.5	0
 2.441e-06	3.731e+10	-3.731e+16	2.615e+07	1.5	0
 2.449e-06	3.702e+10	-3.702e+16	2.615e+07	1.5	0
 2.457e-06	3.673e+10	-3.673e+16	2.615e+07	1.5	0
 2.465e-06	3.645e+10	-3.645e+16	2.615e+07	1.5	0
 2.473e-06	3.616e+10	-3.616e+16	2.615e+07	1.5	0
  2.48e-06	3.588e+10	-3.588e+16	2.615e+07	1.5	0
 2.488e-06	3.56e+10	-3.56e+16	2.615e+07	1.5	0
 2.496e-06	3.533e+10	-3.533e+16	2.615e+07	1.5	0
 2.504e-06	3.505e+10	-3.505e+16	2.615e+07	1.5	0
 2.512e-06	3.478e+10	-3.478e+16	2.615e+07	1.5	0
 2.519e-06	3.451e+10	-3.451e+16	2.615e+07	1.5	0
 2.527e-06	3.424e+10	-3.424e+16	2.615e+07	1.5	0
 2.535e-06	3.397e+10	-3.398e+16	2.615e+07	1.5	0
 2.543e-06	3.371e+10	-3.371e+16	2.615e+07	1.5	0
 2.551e-06	3.345e+10	-3.345e+16	2.615e+07	1.5	0
 2.558e-06	3.319e+10	-3.319e+16	2.615e+07	1.5	0
 2.566e-06	3.293e+10	-3.293e+16	2.615e+07	1.5	0
 2.574e-06	3.267e+10	-3.268e+16	2.615e+07	1.5	0
 2.582e-06	3.242e+10	-3.242e+16	2.615e+07	1.5	0
  2.59e-06	3.217e+10	-3.217e+16	2.615e+07	1.5	0
 2.597e-06	3.192e+10	-3.192e+16	2.615e+07	1.5	0
 2.605e-06	3.167e+10	-3.167e+16	2.615e+07	1.5	0
 2.613e-06	3.143e+10	-3.143e+16	2.615e+07	1.5	0
 2.621e-06	3.118e+10	-3.118e+16	2.615e+07	1.5	0
 2.629e-06	3.094e+10	-3.094e+16	2.615e+07	1.5	0
 2.636e-06	3.07e+10	-3.07e+16	2.615e+07	1.5	0
 2.644e-06	3.046e+10	-3.046e+16	2.615e+07	1.5	0
 2.652e-06	3.022e+10	-3.023e+16	2.615e+07	1.5	0
  2.66e-06	2.999e+10	-2.999e+16	2.615e+07	1.5	0
 2.668e-06	2.976e+10	-2.976e+16	2.615e+07	1.5	0
 2.675e-06	2.952e+10	-2.953e+16	2.615e+07	1.5	0
 2.683e-06	2.929e+10	-2.93e+16	2.615e+07	1.5	0
 2.691e-06	2.907e+10	-2.907e+16	2.615e+07	1.5	0
 2.699e-06	2.884e+10	-2.884e+16	2.615e+07	1.5	0
 2.707e-06	2.862e+10	-2.862e+16	2.615e+07	1.5	0
 2.714e-06	2.839e+10	-2.84e+16	2.615e+07	1.5	0
 2.722e-06	2.817e+10	-2.818e+16	2.615e+07	1.5	0
  2.73e-06	2.795e+10	-2.796e+16	2.615e+07	1.5	0
 2.738e-06	2.774e+10	-2.774e+16	2.615e+07	1.5	0
 2.746e-06	2.752e+10	-2.752e+16	2.615e+07	1.5	0
 2.753e-06	2.731e+10	-2.731e+16	2.615e+07	1.5	0
 2.761e-06	2.71e+10	-2.71e+16	2.615e+07	1.5	0
 2.769e-06	2.689e+10	-2.689e+16	2.615e+07	1.5	0
 2.777e-06	2.668e+10	-2.668e+16	2.615e+07	1.5	0
 2.785e-06	2.647e+10	-2.647e+16	2.615e+07	1.5	0
 2.792e-06	2.626e+10	-2.627e+16	2.615e+07	1.5	0
   2.8e-06	2.606e+10	-2.606e+16	2.615e+07	1.5	0
 2.808e-06	2.586e+10	-2.586e+16	2.615e+07	1.5	0
 2.816e-06	2.566e+10	-2.566e+16	2.615e+07	1.5	0
 2.824e-06	2.546e+10	-2.546e+16	2.615e+07	1.5	0
 2.831e-06	2.526e+10	-2.526e+16	2.615e+07	1.5	0
 2.839e-06	2.506e+10	-2.507e+16	2.615e+07	1.5	0
 2.847e-06	2.487e+10	-2.487e+16	2.615e+07	1.5	0
 2.855e-06	2.467e+10	-2.468e+16	2.615e+07	1.5	0
 2.863e-06	2.448e+10	-2.449e+16	2.615e+07	1.5	0
  2.87e-06	2.429e+10	-2.43e+16	2.615e+07	1.5	0
 2.878e-06	2.41e+10	-2.411e+16	2.615e+07	1.5	0
 2.886e-06	2.392e+10	-2.392e+16	2.615e+07	1.5	0
 2.894e-06	2.373e+10	-2.373e+16	2.615e+07	1.5	0
 2.902e-06	2.355e+10	-2.355e+16	2.615e+07	1.5	0
 2.909e-06	2.336e+10	-2.337e+16	2.615e+07	1.5	0
 2.917e-06	2.318e+10	-2.318e+16	2.615e+07	1.5	0
 2.925e-06	2.3e+10	-2.3e+16	2.615e+07	1.5	0
 2.933e-06	2.282e+10	-2.283e+16	2.615e+07	1.5	0
 2.941e-06	2.265e+10	-2.265e+16	2.615e+07	1.5	0
 2.948e-06	2.247e+10	-2.247e+16	2.615e+07	1.5	0
 2.956e-06	2.23e+10	-2.23e+16	2.615e+07	1.5	0
 2.964e-06	2.212e+10	-2.212e+16	2.615e+07	1.5	0
 2.972e-06	2.195e+10	-2.195e+16	2.615e+07	1.5	0
  2.98e-06	2.178e+10	-2.178e+16	2.615e+07	1.5	0
 2.987e-06	2.161e+10	-2.161e+16	2.615e+07	1.5	0
 2.995e-06	2.144e+10	-2.145e+16	2.615e+07	1.5	0
 3.003e-06	2.128e+10	-2.128e+16	2.615e+07	1.5	0
 3.011e-06	2.111e+10	-2.111e+16	2.615e+07	1.5	0
 3.019e-06	2.095e+10	-2.095e+16	2.615e+07	1.5	0
 3.026e-06	2.078e+10	-2.079e+16	2.615e+07	1.5	0
 3.034e-06	2.062e+10	-2.063e+16	2.615e+07	1.5	0
 3.042e-06	2.046e+10	-2.047e+16	2.615e+07	1.5	0
  3.05e-06	2.03e+10	-2.031e+16	2.615e+07	1.5	0
 3.058e-06	2.015e+10	-2.015e+16	2.615e+07	1.5	0
 3.065e-06	1.999e+10	-1.999e+16	2.615e+07	1.5	0
 3.073e-06	1.983e+10	-1.984e+16	2.615e+07	1.5	0
 3.081e-06	1.968e+10	-1.968e+16	2.615e+07	1.5	0
 3.089e-06	1.953e+10	-1.953e+16	2.615e+07	1.5	0
 3.097e-06	1.937e+10	-1.938e+16	2.615e+07	1.5	0
 3.104e-06	1.922e+10	-1.923e+16	2.615e+07	1.5	0
 3.112e-06	1.907e+10	-1.908e+16	2.615e+07	1.5	0
  3.12e-06	1.893e+10	-1.893e+16	2.615e+07	1.5	0
 3.128e-06	1.878e+10	-1.878e+16	2.615e+07	1.5	0
 3.136e-06	1.863e+10	-1.864e+16	2.615e+07	1.5	0
 3.143e-06	1.849e+10	-1.849e+16	2.615e+07	1.5	0
 3.151e-06	1.834e+10	-1.835e+16	2.615e+07	1.5	0
 3.159e-06	1.82e+10	-1.821e+16	2.615e+07	1.5	0
 3.167e-06	1.806e+10	-1.806e+16	2.615e+07	1.5	0
 3.175e-06	1.792e+10	-1.792e+16	2.615e+07	1.5	0
 3.182e-06	1.778e+10	-1.778e+16	2.615e+07	1.5	0
  3.19e-06	1.764e+10	-1.765e+16	2.615e+07	1.5	0
 3.198e-06	1.751e+10	-1.751e+16	2.615e+07	1.5	0
 3.206e-06	1.737e+10	-1.737e+16	2.615e+07	1.5	0
 3.214e-06	1.723e+10	-1.724e+16	2.615e+07	1.5	0
 3.221e-06	1.71e+10	-1.71e+16	2.615e+07	1.5	0
 3.229e-06	1.697e+10	-1.697e+16	2.615e+07	1.5	0
 3.237e-06	1.684e+10	-1.684e+16	2.615e+07	1.5	0
 3.245e-06	1.671e+10	-1.671e+16	2.615e+07	1.5	0
 3.253e-06	1.658e+10	-1.658e+16	2.615e+07	1.5	0
  3.26e-06	1.645e+10	-1.645e+16	2.615e+07	1.5	0
 3.268e-06	1.632e+10	-1.632e+16	2.615e+07	1.5	0
 3.276e-06	1.619e+10	-1.62e+16	2.615e+07	1.5	0
 3.284e-06	1.607e+10	-1.607e+16	2.615e+07	1.5	0
 3.292e-06	1.594e+10	-1.595e+16	2.615e+07	1.5	0
 3.299e-06	1.582e+10	-1.582e+16	2.615e+07	1.5	0
 3.307e-06	1.569e+10	-1.57e+16	2.615e+07	1.5	0
 3.315e-06	1.557e+10	-1.558e+16	2.615e+07	1.5	0
 3.323e-06	1.545e+10	-1.546e+16	2.615e+07	1.5	0
 3.331e-06	1.533e+10	-1.534e+16	2.615e+07	1.5	0
 3.338e-06	1.521e+10	-1.522e+16	2.615e+07	1.5	0
 3.346e-06	1.509e+10	-1.51e+16	2.615e+07	1.5	0
 3.354e-06	1.498e+10	-1.498e+16	2.615e+07	1.5	0
 3.362e-06	1.486e+10	-1.486e+16	2.615e+07	1.5	0
  3.37e-06	1.474e+10	-1.475e+16	2.615e+07	1.5	0
 3.377e-06	1.463e+10	-1.463e+16	2.615e+07	1.5	0
 3.385e-06	1.452e+10	-1.452e+16	2.615e+07	1.5	0
 3.393e-06	1.44e+10	-1.441e+16	2.615e+07	1.5	0
 3.401e-06	1.429e+10	-1.43e+16	2.615e+07	1.5	0
 3.409e-06	1.418e+10	-1.419e+16	2.615e+07	1.5	0
 3.416e-06	1.407e+10	-1.408e+16	2.615e+07	1.5	0
 3.424e-06	1.396e+10	-1.397e+16	2.615e+07	1.5	0
 3.432e-06	1.385e+10	-1.386e+16	2.615e+07	1.5	0
  3.44e-06	1.374e+10	-1.375e+16	2.615e+07	1.5	0
 3.448e-06	1.364e+10	-1.364e+16	2.615e+07	1.5	0
 3.455e-06	1.353e+10	-1.354e+16	2.615e+07	1.5	0
 3.463e-06	1.343e+10	-1.343e+16	2.615e+07	1.5	0
 3.471e-06	1.332e+10	-1.333e+16	2.615e+07	1.5	0
 3.479e-06	1.322e+10	-1.322e+16	2.615e+07	1.5	0
 3.487e-06	1.312e+10	-1.312e+16	2.615e+07	1.5	0
 3.494e-06	1.301e+10	-1.302e+16	2.615e+07	1.5	0
 3.502e-06	1.291e+10	-1.292e+16	2.615e+07	1.5	0
  3.51e-06	1.281e+10	-1.282e+16	2.615e+07	1.5	0
 3.518e-06	1.271e+10	-1.272e+16	2.615e+07	1.5	0
 3.526e-06	1.261e+10	-1.262e+16	2.615e+07	1.5	0
 3.533e-06	1.252e+10	-1.252e+16	2.615e+07	1.5	0
 3.541e-06	1.242e+10	-1.242e+16	2.615e+07	1.5	0
 3.549e-06	1.232e+10	-1.233e+16	2.615e+07	1.5	0
 3.557e-06	1.223e+10	-1.223e+16	2.615e+07	1.5	0
 3.565e-06	1.213e+10	-1.214e+16	2.615e+07	1.5	0
 3.572e-06	1.204e+10	-1.204e+16	2.615e+07	1.5	0
  3.58e-06	1.194e+10	-1.195e+16	2.615e+07	1.5	0
 3.588e-06	1.185e+10	-1.186e+16	2.615e+07	1.5	0
 3.596e-06	1.176e+10	-1.176e+16	2.615e+07	1.5	0
 3.604e-06	1.167e+10	-1.167e+16	2.615e+07	1.5	0
 3.611e-06	1.158e+10	-1.158e+16	2.615e+07	1.5	0
 3.619e-06	1.149e+10	-1.149e+16	2.615e+07	1.5	0
 3.627e-06	1.14e+10	-1.14e+16	2.615e+07	1.5	0
 3.635e-06	1.131e+10	-1.131e+16	2.615e+07	1.5	0
 3.643e-06	1.122e+10	-1.123e+16	2.615e+07	1.5	0
  3.65e-06	1.113e+10	-1.114e+16	2.615e+07	1.5	0
 3.658e-06	1.105e+10	-1.105e+16	2.615e+07	1.5	0
 3.666e-06	1.096e+10	-1.097e+16	2.615e+07	1.5	0
 3.674e-06	1.088e+10	-1.088e+16	2.615e+07	1.5	0
 3.682e-06	1.079e+10	-1.08e+16	2.615e+07	1.5	0
 3.689e-06	1.071e+10	-1.071e+16	2.615e+07	1.5	0
 3.697e-06	1.062e+10	-1.063e+16	2.615e+07	1.5	0
 3.705e-06	1.054e+10	-1.055e+16	2.615e+07	1.5	0
 3.713e-06	1.046e+10	-1.047e+16	2.615e+07	1.5	0
 3.721e-06	1.038e+10	-1.038e+16	2.615e+07	1.5	0
 3.728e-06	1.03e+10	-1.03e+16	2.615e+07	1.5	0
 3.736e-06	1.022e+10	-1.022e+16	2.615e+07	1.5	0
 3.744e-06	1.014e+10	-1.014e+16	2.615e+07	1.5	0
 3.752e-06	1.006e+10	-1.007e+16	2.615e+07	1.5	0
  3.76e-06	9.981e+09	-9.988e+15	2.615e+07	1.5	0
 3.767e-06	9.904e+09	-9.91e+15	2.615e+07	1.5	0
 3.775e-06	9.827e+09	-9.833e+15	2.615e+07	1.5	0
 3.783e-06	9.75e+09	-9.757e+15	2.615e+07	1.5	0
 3.791e-06	9.675e+09	-9.681e+15	2.615e+07	1.5	0
 3.799e-06	9.599e+09	-9.606e+15	2.615e+07	1.5	0
 3.806e-06	9.525e+09	-9.531e+15	2.615e+07	1.5	0
 3.814e-06	9.451e+09	-9.457e+15	2.615e+07	1.5	0
 3.822e-06	9.377e+09	-9.384e+15	2.615e+07	1.5	0
  3.83e-06	9.304e+09	-9.311e+15	2.615e+07	1.5	0
 3.838e-06	9.232e+09	-9.239e+15	2.615e+07	1.5	0
 3.845e-06	9.16e+09	-9.167e+15	2.615e+07	1.5	0
 3.853e-06	9.089e+09	-9.096e+15	2.615e+07	1.5	0
 3.861e-06	9.018e+09	-9.025e+15	2.615e+07	1.5	0
 3.869e-06	8.948e+09	-8.955e+15	2.615e+07	1.5	0
 3.877e-06	8.879e+09	-8.886e+15	2.615e+07	1.5	0
 3.884e-06	8.81e+09	-8.817e+15	2.615e+07	1.5	0
 3.892e-06	8.741e+09	-8.748e+15	2.615e+07	1.5	0
   3.9e-06	8.673e+09	-8.68e+15	2.615e+07	1.5	0
 3.908e-06	8.606e+09	-8.613e+15	2.615e+07	1.5	0
 3.916e-06	8.539e+09	-8.546e+15	2.615e+07	1.5	0
 3.923e-06	8.472e+09	-8.48e+15	2.615e+07	1.5	0
 3.931e-06	8.406e+09	-8.414e+15	2.615e+07	1.5	0
 3.939e-06	8.341e+09	-8.349e+15	2.615e+07	1.5	0
 3.947e-06	8.276e+09	-8.284e+15	2.615e+07	1.5	0
 3.955e-06	8.212e+09	-8.219e+15	2.615e+07	1.5	0
 3.962e-06	8.148e+09	-8.156e+15	2.615e+07	1.5	0
  3.97e-06	8.085e+09	-8.092e+15	2.615e+07	1.5	0
 3.978e-06	8.022e+09	-8.03e+15	2.615e+07	1.5	0
 3.986e-06	7.959e+09	-7.967e+15	2.615e+07	1.5	0
 3.994e-06	7.897e+09	-7.905e+15	2.615e+07	1.5	0
 4.001e-06	7.836e+09	-7.844e+15	2.615e+07	1.5	0
 4.009e-06	7.775e+09	-7.783e+15	2.615e+07	1.5	0
 4.017e-06	7.715e+09	-7.723e+15	2.615e+07	1.5	0
 4.025e-06	7.655e+09	-7.663e+15	2.615e+07	1.5	0
 4.033e-06	7.595e+09	-7.603e+15	2.615e+07	1.5	0
  4.04e-06	7.536e+09	-7.544e+15	2.615e+07	1.5	0
 4.048e-06	7.477e+09	-7.486e+15	2.615e+07	1.5	0
 4.056e-06	7.419e+09	-7.428e+15	2.615e+07	1.5	0
 4.064e-06	7.362e+09	-7.37e+15	2.615e+07	1.5	0
 4.072e-06	7.304e+09	-7.313e+15	2.615e+07	1.5	0
 4.079e-06	7.247e+09	-7.256e+15	2.615e+07	1.5	0
 4.087e-06	7.191e+09	-7.2e+15	2.615e+07	1.5	0
 4.095e-06	7.135e+09	-7.144e+15	2.615e+07	1.5	0
 4.103e-06	7.08e+09	-7.088e+15	2.615e+07	1.5	0
 4.111e-06	7.025e+09	-7.033e+15	2.615e+07	1.5	0
 4.118e-06	6.97e+09	-6.979e+15	2.615e+07	1.5	0
 4.126e-06	6.916e+09	-6.925e+15	2.615e+07	1.5	0
 4.134e-06	6.862e+09	-6.871e+15	2.615e+07	1.5	0
 4.142e-06	6.809e+09	-6.818e+15	2.615e+07	1.5	0
  4.15e-06	6.756e+09	-6.765e+15	2.615e+07	1.5	0
 4.157e-06	6.703e+09	-6.712e+15	2.615e+07	1.5	0
 4.165e-06	6.651e+09	-6.66e+15	2.615e+07	1.5	0
 4.173e-06	6.599e+09	-6.608e+15	2.615e+07	1.5	0
 4.181e-06	6.548e+09	-6.557e+15	2.615e+07	1.5	0
 4.189e-06	6.497e+09	-6.506e+15	2.615e+07	1.5	0
 4.196e-06	6.446e+09	-6.456e+15	2.615e+07	1.5	0
 4.204e-06	6.396e+09	-6.406e+15	2.615e+07	1.5	0
 4.212e-06	6.346e+09	-6.356e+15	2.615e+07	1.5	0
  4.22e-06	6.297e+09	-6.307e+15	2.615e+07	1.5	0
 4.228e-06	6.248e+09	-6.258e+15	2.615e+07	1.5	0
 4.235e-06	6.199e+09	-6.209e+15	2.615e+07	1.5	0
 4.243e-06	6.151e+09	-6.161e+15	2.615e+07	1.5	0
 4.251e-06	6.103e+09	-6.113e+15	2.615e+07	1.5	0
 4.259e-06	6.056e+09	-6.066e+15	2.615e+07	1.5	0
 4.267e-06	6.009e+09	-6.019e+15	2.615e+07	1.5	0
 4.274e-06	5.962e+09	-5.972e+15	2.615e+07	1.5	0
 4.282e-06	5.915e+09	-5.926e+15	2.615e+07	1.5	0
  4.29e-06	5.869e+09	-5.88e+15	2.615e+07	1.5	0
 4.298e-06	5.824e+09	-5.834e+15	2.615e+07	1.5	0
 4.306e-06	5.778e+09	-5.789e+15	2.615e+07	1.5	0
 4.313e-06	5.733e+09	-5.744e+15	2.615e+07	1.5	0
 4.321e-06	5.689e+09	-5.7e+15	2.615e+07	1.5	0
 4.329e-06	5.644e+09	-5.655e+15	2.615e+07	1.5	0
 4.337e-06	5.601e+09	-5.612e+15	2.615e+07	1.5	0
 4.345e-06	5.557e+09	-5.568e+15	2.615e+07	1.5	0
 4.352e-06	5.514e+09	-5.525e+15	2.615e+07	1.5	0
  4.36e-06	5.471e+09	-5.482e+15	2.615e+07	1.5	0
 4.368e-06	5.428e+09	-5.44e+15	2.615e+07	1.5	0
 4.376e-06	5.386e+09	-5.397e+15	2.615e+07	1.5	0
 4.384e-06	5.344e+09	-5.356e+15	2.615e+07	1.5	0
 4.391e-06	5.302e+09	-5.314e+15	2.615e+07	1.5	0
 4.399e-06	5.261e+09	-5.273e+15	2.615e+07	1.5	0
 4.407e-06	5.22e+09	-5.232e+15	2.615e+07	1.5	0
 4.415e-06	5.179e+09	-5.191e+15	2.615e+07	1.5	0
 4.423e-06	5.139e+09	-5.151e+15	2.615e+07	1.5	0
  4.43e-06	5.099e+09	-5.111e+15	2.615e+07	1.5	0
 4.438e-06	5.059e+09	-5.072e+15	2.615e+07	1.5	0
 4.446e-06	5.02e+09	-5.032e+15	2.615e+07	1.5	0
 4.454e-06	4.981e+09	-4.993e+15	2.615e+07	1.5	0
 4.462e-06	4.942e+09	-4.955e+15	2.615e+07	1.5	0
 4.469e-06	4.904e+09	-4.916e+15	2.615e+07	1.5	0
 4.477e-06	4.865e+09	-4.878e+15	2.615e+07	1.5	0
 4.485e-06	4.827e+09	-4.84e+15	2.615e+07	1.5	0
 4.493e-06	4.79e+09	-4.803e+15	2.615e+07	1.5	0
 4.501e-06	4.753e+09	-4.766e+15	2.615e+07	1.5	0
 4.508e-06	4.716e+09	-4.729e+15	2.615e+07	1.5	0
 4.516e-06	4.679e+09	-4.692e+15	2.615e+07	1.5	0
 4.524e-06	4.642e+09	-4.656e+15	2.615e+07	1.5	0
 4.532e-06	4.606e+09	-4.62e+15	2.615e+07	1.5	0
  4.54e-06	4.57e+09	-4.584e+15	2.615e+07	1.5	0
 4.547e-06	4.535e+09	-4.548e+15	2.615e+07	1.5	0
 4.555e-06	4.499e+09	-4.513e+15	2.615e+07	1.5	0
 4.563e-06	4.464e+09	-4.478e+15	2.615e+07	1.5	0
 4.571e-06	4.429e+09	-4.443e+15	2.615e+07	1.5	0
 4.579e-06	4.395e+09	-4.409e+15	2.615e+07	1.5	0
 4.586e-06	4.361e+09	-4.375e+15	2.615e+07	1.5	0
 4.594e-06	4.327e+09	-4.341e+15	2.615e+07	1.5	0
 4.602e-06	4.293e+09	-4.307e+15	2.615e+07	1.5	0
  4.61e-06	4.259e+09	-4.274e+15	2.615e+07	1.5	0
 4.618e-06	4.226e+09	-4.241e+15	2.615e+07	1.5	0
 4.625e-06	4.193e+09	-4.208e+15	2.615e+07	1.5	0
 4.633e-06	4.161e+09	-4.175e+15	2.615e+07	1.5	0
 4.641e-06	4.128e+09	-4.143e+15	2.615e+07	1.5	0
 4.649e-06	4.096e+09	-4.111e+15	2.615e+07	1.5	0
 4.657e-06	4.064e+09	-4.079e+15	2.615e+07	1.5	0
 4.664e-06	4.032e+09	-4.048e+15	2.615e+07	1.5	0
 4.672e-06	4.001e+09	-4.016e+15	2.615e+07	1.5	0
  4.68e-06	3.97e+09	-3.985e+15	2.615e+07	1.5	0
 4.688e-06	3.939e+09	-3.954e+15	2.615e+07	1.5	0
 4.696e-06	3.908e+09	-3.924e+15	2.615e+07	1.5	0
 4.703e-06	3.878e+09	-3.893e+15	2.615e+07	1.5	0
 4.711e-06	3.847e+09	-3.863e+15	2.615e+07	1.5	0
 4.719e-06	3.817e+09	-3.833e+15	2.615e+07	1.5	0
 4.727e-06	3.787e+09	-3.804e+15	2.615e+07	1.5	0
 4.735e-06	3.758e+09	-3.774e+15	2.615e+07	1.5	0
 4.742e-06	3.729e+09	-3.745e+15	2.615e+07	1.5	0
  4.75e-06	3.699e+09	-3.716e+15	2.615e+07	1.5	0
 4.758e-06	3.671e+09	-3.687e+15	2.615e+07	1.5	0
 4.766e-06	3.642e+09	-3.659e+15	2.615e+07	1.5	0
 4.774e-06	3.614e+09	-3.631e+15	2.615e+07	1.5	0
 4.781e-06	3.585e+09	-3.603e+15	2.615e+07	1.5	0
 4.789e-06	3.557e+09	-3.575e+15	2.615e+07	1.5	0
 4.797e-06	3.53e+09	-3.547e+15	2.615e+07	1.5	0
 4.805e-06	3.502e+09	-3.52e+15	2.615e+07	1.5	0
 4.813e-06	3.475e+09	-3.492e+15	2.615e+07	1.5	0
  4.82e-06	3.448e+09	-3.465e+15	2.615e+07	1.5	0
 4.828e-06	3.421e+09	-3.439e+15	2.615e+07	1.5	0
 4.836e-06	3.394e+09	-3.412e+15	2.615e+07	1.5	0
 4.844e-06	3.367e+09	-3.386e+15	2.615e+07	1.5	0
 4.852e-06	3.341e+09	-3.36e+15	2.615e+07	1.5	0
 4.859e-06	3.315e+09	-3.334e+15	2.615e+07	1.5	0
 4.867e-06	3.289e+09	-3.308e+15	2.615e+07	1.5	0
 4.875e-06	3.263e+09	-3.282e+15	2.615e+07	1.5	0
 4.883e-06	3.238e+09	-3.257e+15	2.615e+07	1.5	0
 4.891e-06	3.213e+09	-3.232e+15	2.615e+07	1.5	0
 4.898e-06	3.187e+09	-3.207e+15	2.615e+07	1.5	0
 4.906e-06	3.163e+09	-3.182e+15	2.615e+07	1.5	0
 4.914e-06	3.138e+09	-3.157e+15	2.615e+07	1.5	0
 4.922e-06	3.113e+09	-3.133e+15	2.615e+07	1.5	0
  4.93e-06	3.089e+09	-3.109e+15	2.615e+07	1.5	0
 4.937e-06	3.065e+09	-3.085e+15	2.615e+07	1.5	0
 4.945e-06	3.041e+09	-3.061e+15	2.615e+07	1.5	0
 4.953e-06	3.017e+09	-3.037e+15	2.615e+07	1.5	0
 4.961e-06	2.993e+09	-3.014e+15	2.615e+07	1.5	0
 4.969e-06	2.97e+09	-2.991e+15	2.615e+07	1.5	0
 4.976e-06	2.947e+09	-2.968e+15	2.615e+07	1.5	0
 4.984e-06	2.924e+09	-2.945e+15	2.615e+07	1.5	0
 4.992e-06	2.901e+09	-2.922e+15	2.615e+07	1.5	0
     5e-06	2.878e+09	-2.9e+15	2.615e+07	1.5	0
 5.008e-06	2.856e+09	-2.877e+15	2.615e+07	1.5	0
 5.015e-06	2.833e+09	-2.855e+15	2.615e+07	1.5	0
 5.023e-06	2.811e+09	-2.833e+15	2.615e+07	1.5	0
 5.031e-06	2.789e+09	-2.811e+15	2.615e+07	1.5	0
 5.039e-06	2.767e+09	-2.789e+15	2.615e+07	1.5	0
 5.047e-06	2.746e+09	-2.768e+15	2.615e+07	1.5	0
 5.054e-06	2.724e+09	-2.747e+15	2.615e+07	1.5	0
 5.062e-06	2.703e+09	-2.725e+15	2.615e+07	1.5	0
  5.07e-06	2.682e+09	-2.704e+15	2.615e+07	1.5	0
 5.078e-06	2.66e+09	-2.684e+15	2.615e+07	1.5	0
 5.086e-06	2.64e+09	-2.663e+15	2.615e+07	1.5	0
 5.093e-06	2.619e+09	-2.642e+15	2.615e+07	1.5	0
 5.101e-06	2.598e+09	-2.622e+15	2.615e+07	1.5	0
 5.109e-06	2.578e+09	-2.602e+15	2.615e+07	1.5	0
 5.117e-06	2.558e+09	-2.582e+15	2.615e+07	1.5	0
 5.125e-06	2.538e+09	-2.562e+15	2.615e+07	1.5	0
 5.132e-06	2.518e+09	-2.542e+15	2.615e+07	1.5	0
  5.14e-06	2.498e+09	-2.523e+15	2.615e+07	1.5	0
 5.148e-06	2.479e+09	-2.503e+15	2.615e+07	1.5	0
 5.156e-06	2.459e+09	-2.484e+15	2.615e+07	1.5	0
 5.164e-06	2.44e+09	-2.465e+15	2.615e+07	1.5	0
 5.171e-06	2.421e+09	-2.446e+15	2.615e+07	1.5	0
 5.179e-06	2.402e+09	-2.427e+15	2.615e+07	1.5	0
 5.187e-06	2.383e+09	-2.409e+15	2.615e+07	1.5	0
 5.195e-06	2.364e+09	-2.39e+15	2.615e+07	1.5	0
 5.203e-06	2.345e+09	-2.372e+15	2.615e+07	1.5	0
  5.21e-06	2.327e+09	-2.353e+15	2.615e+07	1.5	0
 5.218e-06	2.309e+09	-2.335e+15	2.615e+07	1.5	0
 5.226e-06	2.291e+09	-2.317e+15	2.615e+07	1.5	0
 5.234e-06	2.273e+09	-2.3e+15	2.615e+07	1.5	0
 5.242e-06	2.255e+09	-2.282e+15	2.615e+07	1.5	0
 5.249e-06	2.237e+09	-2.264e+15	2.615e+07	1.5	0
 5.257e-06	2.219e+09	-2.247e+15	2.615e+07	1.5	0
 5.265e-06	2.202e+09	-2.23e+15	2.615e+07	1.5	0
 5.273e-06	2.185e+09	-2.213e+15	2.615e+07	1.5	0
 5.281e-06	2.167e+09	-2.196e+15	2.615e+07	1.5	0
 5.288e-06	2.15e+09	-2.179e+15	2.615e+07	1.5	0
 5.296e-06	2.133e+09	-2.162e+15	2.615e+07	1.5	0
 5.304e-06	2.117e+09	-2.146e+15	2.615e+07	1.5	0
 5.312e-06	2.1e+09	-2.129e+15	2.615e+07	1.5	0
  5.32e-06	2.083e+09	-2.113e+15	2.615e+07	1.5	0
 5.327e-06	2.067e+09	-2.097e+15	2.615e+07	1.5	0
 5.335e-06	2.051e+09	-2.081e+15	2.615e+07	1.5	0
 5.343e-06	2.035e+09	-2.065e+15	2.615e+07	1.5	0
 5.351e-06	2.019e+09	-2.049e+15	2.615e+07	1.5	0
 5.359e-06	2.003e+09	-2.033e+15	2.615e+07	1.5	0
 5.366e-06	1.987e+09	-2.018e+15	2.615e+07	1.5	0
 5.374e-06	1.971e+09	-2.002e+15	2.615e+07	1.5	0
 5.382e-06	1.956e+09	-1.987e+15	2.615e+07	1.5	0
  5.39e-06	1.94e+09	-1.972e+15	2.615e+07	1.5	0
 5.398e-06	1.925e+09	-1.957e+15	2.615e+07	1.5	0
 5.405e-06	1.91e+09	-1.942e+15	2.615e+07	1.5	0
 5.413e-06	1.895e+09	-1.927e+15	2.615e+07	1.5	0
 5.421e-06	1.88e+09	-1.912e+15	2.615e+07	1.5	0
 5.429e-06	1.865e+09	-1.897e+15	2.615e+07	1.5	0
 5.437e-06	1.85e+09	-1.883e+15	2.615e+07	1.5	0
 5.444e-06	1.835e+09	-1.869e+15	2.615e+07	1.5	0
 5.452e-06	1.821e+09	-1.854e+15	2.615e+07	1.5	0
  5.46e-06	1.806e+09	-1.84e+15	2.615e+07	1.5	0
 5.468e-06	1.792e+09	-1.826e+15	2.615e+07	1.5	0
 5.476e-06	1.778e+09	-1.812e+15	2.615e+07	1.5	0
 5.483e-06	1.764e+09	-1.798e+15	2.615e+07	1.5	0
 5.491e-06	1.75e+09	-1.785e+15	2.615e+07	1.5	0
 5.499e-06	1.736e+09	-1.771e+15	2.615e+07	1.5	0
 5.507e-06	1.722e+09	-1.758e+15	2.615e+07	1.5	0
 5.515e-06	1.709e+09	-1.744e+15	2.615e+07	1.5	0
 5.522e-06	1.695e+09	-1.731e+15	2.615e+07	1.5	0
  5.53e-06	1.682e+09	-1.718e+15	2.615e+07	1.5	0
 5.538e-06	1.668e+09	-1.705e+15	2.615e+07	1.5	0
 5.546e-06	1.655e+09	-1.692e+15	2.615e+07	1.5	0
 5.554e-06	1.642e+09	-1.679e+15	2.615e+07	1.5	0
 5.561e-06	1.629e+09	-1.666e+15	2.615e+07	1.5	0
 5.569e-06	1.616e+09	-1.654e+15	2.615e+07	1.5	0
 5.577e-06	1.603e+09	-1.641e+15	2.615e+07	1.5	0
 5.585e-06	1.59e+09	-1.629e+15	2.615e+07	1.5	0
 5.593e-06	1.578e+09	-1.616e+15	2.615e+07	1.5	0
   5.6e-06	1.565e+09	-1.604e+15	2.615e+07	1.5	0
 5.608e-06	1.553e+09	-1.592e+15	2.615e+07	1.5	0
 5.616e-06	1.54e+09	-1.58e+15	2.615e+07	1.5	0
 5.624e-06	1.528e+09	-1.568e+15	2.615e+07	1.5	0
 5.632e-06	1.516e+09	-1.556e+15	2.615e+07	1.5	0
 5.639e-06	1.504e+09	-1.544e+15	2.615e+07	1.5	0
 5.647e-06	1.492e+09	-1.532e+15	2.615e+07	1.5	0
 5.655e-06	1.48e+09	-1.521e+15	2.615e+07	1.5	0
 5.663e-06	1.468e+09	-1.509e+15	2.615e+07	1.5	0
 5.671e-06	1.456e+09	-1.498e+15	2.615e+07	1.5	0
 5.678e-06	1.445e+09	-1.487e+15	2.615e+07	1.5	0
 5.686e-06	1.433e+09	-1.475e+15	2.615e+07	1.5	0
 5.694e-06	1.422e+09	-1.464e+15	2.615e+07	1.5	0
 5.702e-06	1.41e+09	-1.453e+15	2.615e+07	1.5	0
  5.71e-06	1.399e+09	-1.442e+15	2.615e+07	1.5	0
 5.717e-06	1.388e+09	-1.431e+15	2.615e+07	1.5	0
 5.725e-06	1.377e+09	-1.421e+15	2.615e+07	1.5	0
 5.733e-06	1.365e+09	-1.41e+15	2.615e+07	1.5	0
 5.741e-06	1.355e+09	-1.399e+15	2.615e+07	1.5	0
 5.749e-06	1.344e+09	-1.389e+15	2.615e+07	1.5	0
 5.756e-06	1.333e+09	-1.378e+15	2.615e+07	1.5	0
 5.764e-06	1.322e+09	-1.368e+15	2.615e+07	1.5	0
 5.772e-06	1.312e+09	-1.358e+15	2.615e+07	1.5	0
  5.78e-06	1.301e+09	-1.348e+15	2.615e+07	1.5	0
 5.788e-06	1.29e+09	-1.337e+15	2.615e+07	1.5	0
 5.795e-06	1.28e+09	-1.327e+15	2.615e+07	1.5	0
 5.803e-06	1.27e+09	-1.317e+15	2.615e+07	1.5	0
 5.811e-06	1.26e+09	-1.308e+15	2.615e+07	1.5	0
 5.819e-06	1.249e+09	-1.298e+15	2.615e+07	1.5	0
 5.827e-06	1.239e+09	-1.288e+15	2.615e+07	1.5	0
 5.834e-06	1.229e+09	-1.278e+15	2.615e+07	1.5	0
 5.842e-06	1.219e+09	-1.269e+15	2.615e+07	1.5	0
  5.85e-06	1.209e+09	-1.259e+15	2.615e+07	1.5	0
 5.858e-06	1.2e+09	-1.25e+15	2.615e+07	1.5	0
 5.866e-06	1.19e+09	-1.241e+15	2.615e+07	1.5	0
 5.873e-06	1.18e+09	-1.232e+15	2.615e+07	1.5	0
 5.881e-06	1.171e+09	-1.222e+15	2.615e+07	1.5	0
 5.889e-06	1.161e+09	-1.213e+15	2.615e+07	1.5	0
 5.897e-06	1.152e+09	-1.204e+15	2.615e+07	1.5	0
 5.905e-06	1.142e+09	-1.195e+15	2.615e+07	1.5	0
 5.912e-06	1.133e+09	-1.186e+15	2.615e+07	1.5	0
  5.92e-06	1.124e+09	-1.178e+15	2.615e+07	1.5	0
 5.928e-06	1.115e+09	-1.169e+15	2.615e+07	1.5	0
 5.936e-06	1.106e+09	-1.16e+15	2.615e+07	1.5	0
 5.944e-06	1.097e+09	-1.152e+15	2.615e+07	1.5	0
 5.951e-06	1.088e+09	-1.143e+15	2.615e+07	1.5	0
 5.959e-06	1.079e+09	-1.135e+15	2.615e+07	1.5	0
 5.967e-06	1.07e+09	-1.126e+15	2.615e+07	1.5	0
 5.975e-06	1.061e+09	-1.118e+15	2.615e+07	1.5	0
 5.983e-06	1.053e+09	-1.11e+15	2.615e+07	1.5	0
  5.99e-06	1.044e+09	-1.102e+15	2.615e+07	1.5	0
 5.998e-06	1.035e+09	-1.093e+15	2.615e+07	1.5	0
 6.006e-06	1.027e+09	-1.085e+15	2.615e+07	1.5	0
 6.014e-06	1.019e+09	-1.077e+15	2.615e+07	1.5	0
 6.022e-06	1.01e+09	-1.069e+15	2.615e+07	1.5	0
 6.029e-06	1.002e+09	-1.062e+15	2.615e+07	1.5	0
 6.037e-06	9.936e+08	-1.054e+15	2.615e+07	1.5	0
 6.045e-06	9.854e+08	-1.046e+15	2.615e+07	1.5	0
 6.053e-06	9.773e+08	-1.038e+15	2.615e+07	1.5	0
 6.061e-06	9.692e+08	-1.031e+15	2.615e+07	1.5	0
 6.068e-06	9.612e+08	-1.023e+15	2.615e+07	1.5	0
 6.076e-06	9.532e+08	-1.016e+15	2.615e+07	1.5	0
 6.084e-06	9.453e+08	-1.008e+15	2.615e+07	1.5	0
 6.092e-06	9.375e+08	-1.001e+15	2.615e+07	1.5	0
   6.1e-06	9.297e+08	-9.939e+14	2.615e+07	1.5	0
 6.107e-06	9.22e+08	-9.867e+14	2.615e+07	1.5	0
 6.115e-06	9.143e+08	-9.795e+14	2.615e+07	1.5	0
 6.123e-06	9.067e+08	-9.724e+14	2.615e+07	1.5	0
 6.131e-06	8.992e+08	-9.653e+14	2.615e+07	1.5	0
 6.139e-06	8.917e+08	-9.584e+14	2.615e+07	1.5	0
 6.146e-06	8.842e+08	-9.514e+14	2.615e+07	1.5	0
 6.154e-06	8.768e+08	-9.446e+14	2.615e+07	1.5	0
 6.162e-06	8.695e+08	-9.378e+14	2.615e+07	1.5	0
  6.17e-06	8.622e+08	-9.31e+14	2.615e+07	1.5	0
 6.178e-06	8.549e+08	-9.243e+14	2.615e+07	1.5	0
 6.185e-06	8.478e+08	-9.177e+14	2.615e+07	1.5	0
 6.193e-06	8.406e+08	-9.111e+14	2.615e+07	1.5	0
 6.201e-06	8.336e+08	-9.046e+14	2.615e+07	1.5	0
 6.209e-06	8.265e+08	-8.981e+14	2.615e+07	1.5	0
 6.217e-06	8.195e+08	-8.917e+14	2.615e+07	1.5	0
 6.224e-06	8.126e+08	-8.853e+14	2.615e+07	1.5	0
 6.232e-06	8.057e+08	-8.79e+14	2.615e+07	1.5	0
  6.24e-06	7.989e+08	-8.727e+14	2.615e+07	1.5	0
 6.248e-06	7.921e+08	-8.665e+14	2.615e+07	1.5	0
 6.256e-06	7.854e+08	-8.604e+14	2.615e+07	1.5	0
 6.263e-06	7.787e+08	-8.543e+14	2.615e+07	1.5	0
 6.271e-06	7.721e+08	-8.482e+14	2.615e+07	1.5	0
 6.279e-06	7.655e+08	-8.422e+14	2.615e+07	1.5	0
 6.287e-06	7.589e+08	-8.363e+14	2.615e+07	1.5	0
 6.295e-06	7.524e+08	-8.304e+14	2.615e+07	1.5	0
 6.302e-06	7.46e+08	-8.245e+14	2.615e+07	1.5	0
  6.31e-06	7.396e+08	-8.187e+14	2.615e+07	1.5	0
 6.318e-06	7.332e+08	-8.13e+14	2.615e+07	1.5	0
 6.326e-06	7.269e+08	-8.073e+14	2.615e+07	1.5	0
 6.334e-06	7.206e+08	-8.017e+14	2.615e+07	1.5	0
 6.341e-06	7.144e+08	-7.961e+14	2.615e+07	1.5	0
 6.349e-06	7.082e+08	-7.905e+14	2.615e+07	1.5	0
 6.357e-06	7.02e+08	-7.85e+14	2.615e+07	1.5	0
 6.365e-06	6.959e+08	-7.796e+14	2.615e+07	1.5	0
 6.373e-06	6.899e+08	-7.742e+14	2.615e+07	1.5	0
  6.38e-06	6.839e+08	-7.688e+14	2.615e+07	1.5	0
 6.388e-06	6.779e+08	-7.635e+14	2.615e+07	1.5	0
 6.396e-06	6.719e+08	-7.582e+14	2.615e+07	1.5	0
 6.404e-06	6.661e+08	-7.53e+14	2.615e+07	1.5	0
 6.412e-06	6.602e+08	-7.478e+14	2.615e+07	1.5	0
 6.419e-06	6.544e+08	-7.427e+14	2.615e+07	1.5	0
 6.427e-06	6.486e+08	-7.376e+14	2.615e+07	1.5	0
 6.435e-06	6.429e+08	-7.326e+14	2.615e+07	1.5	0
 6.443e-06	6.372e+08	-7.276e+14	2.615e+07	1.5	0
 6.451e-06	6.315e+08	-7.227e+14	2.615e+07	1.5	0
 6.458e-06	6.259e+08	-7.177e+14	2.615e+07	1.5	0
 6.466e-06	6.203e+08	-7.129e+14	2.615e+07	1.5	0
 6.474e-06	6.148e+08	-7.081e+14	2.615e+07	1.5	0
 6.482e-06	6.093e+08	-7.033e+14	2.615e+07	1.5	0
  6.49e-06	6.038e+08	-6.986e+14	2.615e+07	1.5	0
 6.497e-06	5.984e+08	-6.939e+14	2.615e+07	1.5	0
 6.505e-06	5.93e+08	-6.892e+14	2.615e+07	1.5	0
 6.513e-06	5.876e+08	-6.846e+14	2.615e+07	1.5	0
 6.521e-06	5.823e+08	-6.801e+14	2.615e+07	1.5	0
 6.529e-06	5.77e+08	-6.755e+14	2.615e+07	1.5	0
 6.536e-06	5.718e+08	-6.711e+14	2.615e+07	1.5	0
 6.544e-06	5.666e+08	-6.666e+14	2.615e+07	1.5	0
 6.552e-06	5.614e+08	-6.622e+14	2.615e+07	1.5	0
  6.56e-06	5.562e+08	-6.579e+14	2.615e+07	1.5	0
 6.568e-06	5.511e+08	-6.535e+14	2.615e+07	1.5	0
 6.575e-06	5.46e+08	-6.493e+14	2.615e+07	1.5	0
 6.583e-06	5.41e+08	-6.45e+14	2.615e+07	1.5	0
 6.591e-06	5.36e+08	-6.408e+14	2.615e+07	1.5	0
 6.599e-06	5.31e+08	-6.367e+14	2.615e+07	1.5	0
 6.607e-06	5.26e+08	-6.325e+14	2.615e+07	1.5	0
 6.614e-06	5.211e+08	-6.285e+14	2.615e+07	1.5	0
 6.622e-06	5.162e+08	-6.244e+14	2.615e+07	1.5	0
  6.63e-06	5.114e+08	-6.204e+14	2.615e+07	1.5	0
 6.638e-06	5.066e+08	-6.164e+14	2.615e+07	1.5	0
 6.646e-06	5.018e+08	-6.125e+14	2.615e+07	1.5	0
 6.653e-06	4.97e+08	-6.086e+14	2.615e+07	1.5	0
 6.661e-06	4.923e+08	-6.048e+14	2.615e+07	1.5	0
 6.669e-06	4.876e+08	-6.009e+14	2.615e+07	1.5	0
 6.677e-06	4.829e+08	-5.971e+14	2.615e+07	1.5	0
 6.685e-06	4.783e+08	-5.934e+14	2.615e+07	1.5	0
 6.692e-06	4.736e+08	-5.897e+14	2.615e+07	1.5	0
   6.7e-06	4.691e+08	-5.86e+14	2.615e+07	1.5	0
 6.708e-06	4.645e+08	-5.824e+14	2.615e+07	1.5	0
 6.716e-06	4.6e+08	-5.788e+14	2.615e+07	1.5	0
 6.724e-06	4.555e+08	-5.752e+14	2.615e+07	1.5	0
 6.731e-06	4.51e+08	-5.717e+14	2.615e+07	1.5	0
 6.739e-06	4.465e+08	-5.682e+14	2.615e+07	1.5	0
 6.747e-06	4.421e+08	-5.647e+14	2.615e+07	1.5	0
 6.755e-06	4.377e+08	-5.613e+14	2.615e+07	1.5	0
 6.763e-06	4.334e+08	-5.579e+14	2.615e+07	1.5	0
  6.77e-06	4.29e+08	-5.545e+14	2.615e+07	1.5	0
 6.778e-06	4.247e+08	-5.512e+14	2.615e+07	1.5	0
 6.786e-06	4.204e+08	-5.479e+14	2.615e+07	1.5	0
 6.794e-06	4.162e+08	-5.446e+14	2.615e+07	1.5	0
 6.802e-06	4.119e+08	-5.414e+14	2.615e+07	1.5	0
 6.809e-06	4.077e+08	-5.382e+14	2.615e+07	1.5	0
 6.817e-06	4.035e+08	-5.35e+14	2.615e+07	1.5	0
 6.825e-06	3.994e+08	-5.319e+14	2.615e+07	1.5	0
 6.833e-06	3.952e+08	-5.288e+14	2.615e+07	1.5	0
 6.841e-06	3.911e+08	-5.257e+14	2.615e+07	1.5	0
 6.848e-06	3.87e+08	-5.227e+14	2.615e+07	1.5	0
 6.856e-06	3.83e+08	-5.197e+14	2.615e+07	1.5	0
 6.864e-06	3.789e+08	-5.167e+14	2.615e+07	1.5	0
 6.872e-06	3.749e+08	-5.138e+14	2.615e+07	1.5	0
  6.88e-06	3.709e+08	-5.109e+14	2.615e+07	1.5	0
 6.887e-06	3.67e+08	-5.08e+14	2.615e+07	1.5	0
 6.895e-06	3.63e+08	-5.051e+14	2.615e+07	1.5	0
 6.903e-06	3.591e+08	-5.023e+14	2.615e+07	1.5	0
 6.911e-06	3.552e+08	-4.995e+14	2.615e+07	1.5	0
 6.919e-06	3.513e+08	-4.968e+14	2.615e+07	1.5	0
 6.926e-06	3.474e+08	-4.941e+14	2.615e+07	1.5	0
 6.934e-06	3.436e+08	-4.914e+14	2.615e+07	1.5	0
 6.942e-06	3.398e+08	-4.887e+14	2.615e+07	1.5	0
  6.95e-06	3.359e+08	-4.861e+14	2.615e+07	1.5	0
 6.958e-06	3.322e+08	-4.835e+14	2.615e+07	1.5	0
 6.965e-06	3.284e+08	-4.809e+14	2.615e+07	1.5	0
 6.973e-06	3.247e+08	-4.783e+14	2.615e+07	1.5	0
 6.981e-06	3.209e+08	-4.758e+14	2.615e+07	1.5	0
 6.989e-06	3.172e+08	-4.733e+14	2.615e+07	1.5	0
 6.997e-06	3.136e+08	-4.709e+14	2.615e+07	1.5	0
 7.004e-06	3.099e+08	-4.684e+14	2.615e+07	1.5	0
 7.012e-06	3.063e+08	-4.66e+14	2.615e+07	1.5	0
  7.02e-06	3.026e+08	-4.637e+14	2.615e+07	1.5	0
 7.028e-06	2.99e+08	-4.613e+14	2.615e+07	1.5	0
 7.036e-06	2.954e+08	-4.59e+14	2.615e+07	1.5	0
 7.043e-06	2.919e+08	-4.567e+14	2.615e+07	1.5	0
 7.051e-06	2.883e+08	-4.544e+14	2.615e+07	1.5	0
 7.059e-06	2.848e+08	-4.522e+14	2.615e+07	1.5	0
 7.067e-06	2.813e+08	-4.5e+14	2.615e+07	1.5	0
 7.075e-06	2.778e+08	-4.478e+14	2.615e+07	1.5	0
 7.082e-06	2.743e+08	-4.457e+14	2.615e+07	1.5	0
  7.09e-06	2.708e+08	-4.435e+14	2.615e+07	1.5	0
 7.098e-06	2.673e+08	-4.414e+14	2.615e+07	1.5	0
 7.106e-06	2.639e+08	-4.394e+14	2.615e+07	1.5	0
 7.114e-06	2.605e+08	-4.373e+14	2.615e+07	1.5	0
 7.121e-06	2.571e+08	-4.353e+14	2.615e+07	1.5	0
 7.129e-06	2.537e+08	-4.333e+14	2.615e+07	1.5	0
 7.137e-06	2.503e+08	-4.313e+14	2.615e+07	1.5	0
 7.145e-06	2.47e+08	-4.294e+14	2.615e+07	1.5	0
 7.153e-06	2.436e+08	-4.275e+14	2.615e+07	1.5	0
  7.16e-06	2.403e+08	-4.256e+14	2.615e+07	1.5	0
 7.168e-06	2.37e+08	-4.237e+14	2.615e+07	1.5	0
 7.176e-06	2.337e+08	-4.219e+14	2.615e+07	1.5	0
 7.184e-06	2.304e+08	-4.201e+14	2.615e+07	1.5	0
 7.192e-06	2.271e+08	-4.183e+14	2.615e+07	1.5	0
 7.199e-06	2.239e+08	-4.166e+14	2.615e+07	1.5	0
 7.207e-06	2.206e+08	-4.148e+14	2.615e+07	1.5	0
 7.215e-06	2.174e+08	-4.131e+14	2.615e+07	1.5	0
 7.223e-06	2.142e+08	-4.114e+14	2.615e+07	1.5	0
 7.231e-06	2.11e+08	-4.098e+14	2.615e+07	1.5	0
 7.238e-06	2.078e+08	-4.081e+14	2.615e+07	1.5	0
 7.246e-06	2.046e+08	-4.065e+14	2.615e+07	1.5	0
 7.254e-06	2.015e+08	-4.049e+14	2.615e+07	1.5	0
 7.262e-06	1.983e+08	-4.034e+14	2.615e+07	1.5	0
  7.27e-06	1.952e+08	-4.019e+14	2.615e+07	1.5	0
 7.277e-06	1.92e+08	-4.003e+14	2.615e+07	1.5	0
 7.285e-06	1.889e+08	-3.989e+14	2.615e+07	1.5	0
 7.293e-06	1.858e+08	-3.974e+14	2.615e+07	1.5	0
 7.301e-06	1.827e+08	-3.96e+14	2.615e+07	1.5	0
 7.309e-06	1.796e+08	-3.945e+14	2.615e+07	1.5	0
 7.316e-06	1.766e+08	-3.932e+14	2.615e+07	1.5	0
 7.324e-06	1.735e+08	-3.918e+14	2.615e+07	1.5	0
 7.332e-06	1.705e+08	-3.904e+14	2.615e+07	1.5	0
  7.34e-06	1.674e+08	-3.891e+14	2.615e+07	1.5	0
 7.348e-06	1.644e+08	-3.878e+14	2.615e+07	1.5	0
 7.355e-06	1.614e+08	-3.866e+14	2.615e+07	1.5	0
 7.363e-06	1.584e+08	-3.853e+14	2.615e+07	1.5	0
 7.371e-06	1.554e+08	-3.841e+14	2.615e+07	1.5	0
 7.379e-06	1.524e+08	-3.829e+14	2.615e+07	1.5	0
 7.387e-06	1.494e+08	-3.817e+14	2.615e+07	1.5	0
 7.394e-06	1.464e+08	-3.806e+14	2.615e+07	1.5	0
 7.402e-06	1.434e+08	-3.794e+14	2.615e+07	1.5	0
  7.41e-06	1.405e+08	-3.783e+14	2.615e+07	1.5	0
 7.418e-06	1.375e+08	-3.772e+14	2.615e+07	1.5	0
 7.426e-06	1.346e+08	-3.762e+14	2.615e+07	1.5	0
 7.433e-06	1.317e+08	-3.751e+14	2.615e+07	1.5	0
 7.441e-06	1.288e+08	-3.741e+14	2.615e+07	1.5	0
 7.449e-06	1.258e+08	-3.731e+14	2.615e+07	1.5	0
 7.457e-06	1.229e+08	-3.722e+14	2.615e+07	1.5	0
 7.465e-06	1.2e+08	-3.712e+14	2.615e+07	1.5	0
 7.472e-06	1.171e+08	-3.703e+14	2.615e+07	1.5	0
  7.48e-06	1.143e+08	-3.694e+14	2.615e+07	1.5	0
 7.488e-06	1.114e+08	-3.685e+14	2.615e+07	1.5	0
 7.496e-06	1.085e+08	-3.676e+14	2.615e+07	1.5	0
 7.504e-06	1.056e+08	-3.668e+14	2.615e+07	1.5	0
 7.511e-06	1.028e+08	-3.66e+14	2.615e+07	1.5	0
 7.519e-06	9.994e+07	-3.652e+14	2.615e+07	1.5	0
 7.527e-06	9.709e+07	-3.644e+14	2.615e+07	1.5	0
 7.535e-06	9.425e+07	-3.637e+14	2.615e+07	1.5	0
 7.543e-06	9.142e+07	-3.63e+14	2.615e+07	1.5	0
  7.55e-06	8.859e+07	-3.623e+14	2.615e+07	1.5	0
 7.558e-06	8.577e+07	-3.616e+14	2.615e+07	1.5	0
 7.566e-06	8.295e+07	-3.609e+14	2.615e+07	1.5	0
 7.574e-06	8.014e+07	-3.603e+14	2.615e+07	1.5	0
 7.582e-06	7.733e+07	-3.597e+14	2.615e+07	1.5	0
 7.589e-06	7.453e+07	-3.591e+14	2.615e+07	1.5	0
 7.597e-06	7.173e+07	-3.585e+14	2.615e+07	1.5	0
 7.605e-06	6.893e+07	-3.58e+14	2.615e+07	1.5	0
 7.613e-06	6.614e+07	-3.574e+14	2.615e+07	1.5	0
 7.621e-06	6.336e+07	-3.569e+14	2.615e+07	1.5	0
 7.628e-06	6.057e+07	-3.565e+14	2.615e+07	1.5	0
 7.636e-06	5.78e+07	-3.56e+14	2.615e+07	1.5	0
 7.644e-06	5.502e+07	-3.556e+14	2.615e+07	1.5	0
 7.652e-06	5.225e+07	-3.551e+14	2.615e+07	1.5	0
  7.66e-06	4.948e+07	-3.547e+14	2.615e+07	1.5	0
 7.667e-06	4.671e+07	-3.544e+14	2.615e+07	1.5	0
 7.675e-06	4.395e+07	-3.54e+14	2.615e+07	1.5	0
 7.683e-06	4.119e+07	-3.537e+14	2.615e+07	1.5	0
 7.691e-06	3.843e+07	-3.534e+14	2.615e+07	1.5	0
 7.699e-06	3.568e+07	-3.531e+14	2.615e+07	1.5	0
 7.706e-06	3.293e+07	-3.528e+14	2.615e+07	1.5	0
 7.714e-06	3.018e+07	-3.526e+14	2.615e+07	1.5	0
 7.722e-06	2.743e+07	-3.523e+14	2.615e+07	1.5	0
  7.73e-06	2.468e+07	-3.521e+14	2.615e+07	1.5	0
 7.738e-06	2.193e+07	-3.52e+14	2.615e+07	1.5	0
 7.745e-06	1.919e+07	-3.518e+14	2.615e+07	1.5	0
 7.753e-06	1.645e+07	-3.517e+14	2.615e+07	1.5	0
 7.761e-06	1.37e+07	-3.515e+14	2.615e+07	1.5	0
 7.769e-06	1.096e+07	-3.514e+14	2.615e+07	1.5	0
 7.777e-06	8.22e+06	-3.514e+14	2.615e+07	1.5	0
 7.784e-06	5.48e+06	-3.513e+14	2.615e+07	1.5	0
 7.792e-06	2.74e+06	-3.513e+14	2.615e+07	1.5	0
   7.8e-06	0	0	2.615e+07	1.5	0
